chr19	61895	66345	0	0	1	1	0	70
chr19	66048	66345	0	0	1	1	1	46
chr19	66500	70927	0	0	1	2	0	11
chr19	191354	193577	2	2	0	1	0	60
chr19	191354	208325	2	2	0	1	0	59
chr19	198498	200389	2	2	0	0	4	73
chr19	198789	200389	2	2	0	0	4	73
chr19	199080	200389	2	2	0	0	4	73
chr19	199129	199368	2	2	0	0	1	31
chr19	199129	199465	2	2	0	0	1	31
chr19	199417	200389	2	2	0	0	1	48
chr19	199514	200389	2	2	0	0	1	48
chr19	199611	200389	2	2	0	0	4	73
chr19	199855	200389	2	2	0	0	4	73
chr19	199904	200000	2	2	0	0	1	30
chr19	199904	200194	2	2	0	0	1	30
chr19	200049	200389	2	2	0	0	9	73
chr19	200243	200389	2	2	0	0	9	73
chr19	201662	201754	2	2	0	6	1	58
chr19	201662	205168	2	2	0	14	10	58
chr19	201813	203869	2	2	0	2	0	26
chr19	201813	203873	2	2	0	4	0	52
chr19	201813	208325	2	2	0	0	1	40
chr19	204065	205168	2	2	0	7	0	58
chr19	205076	205168	2	2	0	5	8	58
chr19	205227	205453	2	2	0	1	1	40
chr19	205227	208325	2	2	0	4	3	40
chr19	208391	209234	2	2	0	3	0	57
chr19	208391	209767	2	2	0	1	0	41
chr19	208391	211760	2	2	0	0	1	46
chr19	209866	211760	2	2	0	1	0	12
chr19	211885	221139	2	2	0	1	1	28
chr19	218917	221139	2	2	0	2	0	56
chr19	221205	229634	2	2	0	1	1	65
chr19	224048	229634	2	2	0	11	0	75
chr19	233542	234424	2	2	0	1	0	12
chr19	234641	237934	2	2	0	2	0	56
chr19	243177	246395	2	2	0	1	0	22
chr19	281537	282132	2	2	0	24	1	75
chr19	282311	282751	0	0	1	10	0	58
chr19	282810	287473	0	0	1	17	0	62
chr19	287751	288018	2	2	0	20	0	73
chr19	288171	291287	2	2	0	1	0	72
chr19	288172	290951	0	0	1	3	0	71
chr19	288172	291284	0	0	1	5	0	54
chr19	306711	307117	2	2	0	13	0	72
chr19	307537	308576	0	0	1	9	1	47
chr19	308665	308799	2	2	0	13	1	75
chr19	308665	308820	2	2	0	2	0	50
chr19	308926	311844	0	0	1	9	0	72
chr19	311940	312190	0	0	1	13	0	62
chr19	312272	313490	2	2	0	1	0	20
chr19	312273	313491	0	0	1	10	0	44
chr19	313643	325633	2	2	0	18	1	48
chr19	325705	326506	0	0	1	22	1	71
chr19	326598	327131	2	2	0	17	0	65
chr19	327256	327862	2	2	0	12	1	74
chr19	327990	334399	0	0	1	13	0	74
chr19	334543	336082	0	0	1	3	0	74
chr19	336173	343808	2	2	0	1	0	35
chr19	336174	344773	0	0	1	1	0	6
chr19	367225	371204	0	0	1	1	0	40
chr19	372701	373469	0	0	1	1	0	46
chr19	373531	373938	2	2	0	1	0	44
chr19	408402	409005	0	0	1	1	0	48
chr19	417323	418922	0	0	1	3	0	51
chr19	419057	422145	0	0	1	8	0	59
chr19	422456	425095	2	2	0	5	0	66
chr19	425232	430683	0	0	1	8	0	64
chr19	430748	434708	0	0	1	10	0	65
chr19	434866	436164	0	0	1	9	3	68
chr19	436292	436379	0	0	1	6	2	52
chr19	436431	436628	2	2	0	1	3	51
chr19	436432	436629	0	0	1	1	3	52
chr19	436683	438716	2	2	0	0	6	53
chr19	436684	438717	0	0	1	5	7	57
chr19	438837	438968	2	2	0	2	5	62
chr19	438838	438969	0	0	1	2	5	62
chr19	439030	440860	2	2	0	0	2	27
chr19	439031	440861	0	0	1	5	2	63
chr19	440933	460528	0	0	1	5	0	62
chr19	467762	490245	2	2	0	1	0	63
chr19	467762	501539	2	2	0	1	0	65
chr19	484564	490245	2	2	0	1	0	68
chr19	485538	490245	2	2	0	1	0	57
chr19	489705	489864	1	1	0	1	0	64
chr19	490039	501667	1	1	0	1	0	18
chr19	490354	501540	0	0	1	1	0	61
chr19	498825	504743	1	1	0	1	0	75
chr19	501929	504743	1	1	0	2	0	22
chr19	507845	518888	0	0	1	16	0	42
chr19	513685	513748	2	2	0	1	0	26
chr19	532108	535835	1	1	0	1	1	68
chr19	532109	535836	0	0	1	149	3	75
chr19	535923	536241	1	1	0	102	2	74
chr19	536340	537011	1	1	0	2	1	63
chr19	536341	537012	0	0	1	119	5	75
chr19	537147	541337	1	1	0	9	3	70
chr19	537147	541341	1	1	0	6	1	75
chr19	537148	538677	0	0	1	2	0	22
chr19	537148	541338	0	0	1	140	4	75
chr19	537148	541345	0	0	1	4	0	65
chr19	537600	550120	2	2	0	0	1	47
chr19	540709	540819	1	3	0	1	0	60
chr19	540797	540833	1	3	0	1	0	37
chr19	541253	541338	0	0	1	2	0	57
chr19	544127	547279	0	0	1	5	0	56
chr19	547437	548541	0	0	1	3	1	71
chr19	548677	548920	1	1	0	6	0	57
chr19	549185	549628	1	1	0	1	0	57
chr19	549186	549629	0	0	1	9	1	56
chr19	562653	567454	2	2	0	3	0	51
chr19	562653	571438	2	2	0	1	0	73
chr19	566814	579498	1	1	0	1	0	66
chr19	567081	579498	1	1	0	1	0	50
chr19	567625	571439	0	0	1	13	0	62
chr19	567649	571439	0	0	1	3	0	72
chr19	571579	579498	1	1	0	10	0	66
chr19	571596	571695	2	2	0	3	0	42
chr19	572701	579498	1	1	0	1288	29	75
chr19	572701	580377	1	1	0	4	0	75
chr19	572701	580644	1	1	0	4	0	75
chr19	579656	580311	1	1	0	2	0	55
chr19	579657	580378	0	0	1	1113	16	75
chr19	580461	580644	1	1	0	64	7	69
chr19	580461	580654	1	1	0	1	0	32
chr19	580462	580645	0	0	1	1162	31	75
chr19	580782	581313	1	1	0	15	14	61
chr19	580782	581454	1	1	0	1	0	27
chr19	580783	581314	0	0	1	966	37	75
chr19	581415	581523	1	1	0	1	0	37
chr19	581591	582304	1	1	0	723	13	28
chr19	582330	582516	1	1	0	2	0	24
chr19	582331	582513	0	0	1	800	12	27
chr19	582334	582516	1	1	0	1	0	30
chr19	582582	582748	1	1	0	24	1	69
chr19	582583	582749	0	0	1	1148	17	70
chr19	585693	621261	1	1	0	1	0	12
chr19	590578	603543	0	0	1	9	0	72
chr19	603967	605059	1	1	0	24	0	70
chr19	605222	605973	1	1	0	1	0	24
chr19	605222	607962	1	1	0	8	0	71
chr19	608182	610061	1	1	0	0	1	12
chr19	608182	610185	1	1	0	0	1	12
chr19	608182	610257	1	1	0	26	1	69
chr19	610405	613246	1	1	0	1	0	47
chr19	610406	613247	0	0	1	22	0	74
chr19	611154	612877	2	2	0	2	0	33
chr19	613440	613866	2	2	0	1	0	14
chr19	613488	613850	1	1	0	38	0	70
chr19	614003	615218	2	2	0	2	0	61
chr19	614016	614862	1	1	0	1	0	38
chr19	614017	615794	0	0	1	28	1	74
chr19	617324	617418	0	0	1	22	0	61
chr19	617480	617568	2	2	0	20	0	58
chr19	617655	617775	2	2	0	3	3	73
chr19	617655	618486	2	2	0	1	0	34
chr19	617656	617776	0	0	1	16	2	75
chr19	617849	618486	2	2	0	5	2	59
chr19	617850	618487	0	0	1	38	5	75
chr19	618582	618703	2	2	0	1	0	15
chr19	618587	618704	0	0	1	74	1	56
chr19	618753	618995	2	2	0	1	0	48
chr19	618761	618996	0	0	1	52	0	58
chr19	619111	619209	0	0	1	30	0	73
chr19	619296	619584	2	2	0	1	0	37
chr19	619297	619585	0	0	1	26	0	71
chr19	619687	619956	2	2	0	2	0	50
chr19	619765	619956	2	2	0	0	1	16
chr19	619766	619957	0	0	1	26	2	74
chr19	620080	620363	2	2	0	2	4	22
chr19	620081	620364	0	0	1	14	5	73
chr19	620487	621056	2	2	0	0	3	16
chr19	620488	621057	0	0	1	24	3	74
chr19	621847	622148	0	0	1	21	0	75
chr19	622373	622580	2	2	0	1	0	28
chr19	622374	622581	0	0	1	9	0	67
chr19	622743	622819	2	2	0	1	0	40
chr19	622753	622820	0	0	1	20	0	71
chr19	622986	623453	0	0	1	20	1	75
chr19	623604	624718	0	0	1	16	0	68
chr19	624906	625123	0	0	1	23	2	74
chr19	625255	629539	0	0	1	7	1	69
chr19	630169	632833	0	0	1	24	0	68
chr19	632938	633423	2	2	0	1	0	40
chr19	632939	633424	0	0	1	19	1	70
chr19	648278	648371	0	0	1	66	1	72
chr19	648487	648880	2	2	0	1	0	26
chr19	648488	648881	0	0	1	40	1	75
chr19	648976	649678	0	0	1	48	3	70
chr19	649052	649677	2	2	0	5	0	64
chr19	649748	650232	2	2	0	7	22	64
chr19	649749	650233	0	0	1	28	22	63
chr19	650296	651609	2	2	0	1	21	62
chr19	650296	651690	2	2	0	1	0	59
chr19	650297	651610	0	0	1	37	22	64
chr19	650297	651691	0	0	1	5	0	60
chr19	651750	652231	2	2	0	1	0	41
chr19	651785	652232	0	0	1	2	0	62
chr19	651823	652232	0	0	1	1	0	58
chr19	651856	652232	0	0	1	31	1	66
chr19	652296	652824	2	2	0	8	16	60
chr19	652297	652825	0	0	1	8	17	59
chr19	652884	663045	2	2	0	0	16	58
chr19	652885	663046	0	0	1	9	16	60
chr19	676527	677791	0	0	1	17	0	72
chr19	677977	680272	1	1	0	17	0	67
chr19	680489	681331	1	1	0	16	2	72
chr19	680879	681331	1	1	0	2	0	55
chr19	681560	681648	1	1	0	1	0	41
chr19	681561	681649	0	0	1	29	0	75
chr19	682337	682360	2	4	0	1	0	40
chr19	687189	691857	0	0	1	2	0	57
chr19	692003	694813	0	0	1	1	0	67
chr19	709152	726137	0	0	1	7	0	52
chr19	726190	727007	0	0	1	12	0	53
chr19	727088	727562	1	1	0	11	0	75
chr19	727694	731093	1	1	0	1	0	12
chr19	727695	731094	0	0	1	35	1	70
chr19	731245	734171	1	1	0	23	5	22
chr19	734194	736017	1	1	0	24	5	22
chr19	735452	735605	1	1	0	0	1	31
chr19	735529	735605	1	1	0	0	1	43
chr19	735529	735759	1	1	0	0	1	43
chr19	735683	735759	1	1	0	0	1	43
chr19	736078	740350	1	1	0	13	1	56
chr19	736078	746283	1	1	0	13	0	60
chr19	740483	746283	1	1	0	13	0	65
chr19	751171	756888	1	1	0	6	0	53
chr19	751171	759907	1	1	0	1	0	49
chr19	754809	756888	1	1	0	1	0	64
chr19	758726	759907	1	1	0	1	0	16
chr19	758727	759908	0	0	1	22	1	66
chr19	760039	761109	1	1	0	1	0	17
chr19	760039	761133	1	1	0	1	0	36
chr19	760039	761623	1	1	0	39	2	40
chr19	760039	763499	1	1	0	2	0	48
chr19	761232	761623	1	1	0	3	0	40
chr19	761663	763499	1	1	0	1	0	39
chr19	761664	763500	0	0	1	41	2	41
chr19	781426	782202	2	2	0	1	0	40
chr19	783331	784814	0	0	1	8	0	70
chr19	786551	786695	1	3	0	1	0	15
chr19	797505	799411	1	1	0	190	4	31
chr19	797505	803559	1	1	0	2	0	68
chr19	798738	799411	1	1	0	1	0	17
chr19	799443	803559	1	1	0	299	5	35
chr19	799443	803618	1	1	0	5	0	17
chr19	799444	808359	0	0	1	2	0	36
chr19	803636	803736	1	1	0	1	0	24
chr19	803636	804034	1	1	0	448	8	75
chr19	804208	804290	1	1	0	7	1	66
chr19	804209	804291	0	0	1	382	3	74
chr19	804438	804530	1	1	0	345	8	73
chr19	804702	804827	1	1	0	357	11	75
chr19	804939	805011	1	1	0	355	15	75
chr19	804940	805012	0	0	1	1	0	25
chr19	805187	805490	1	1	0	8	99	69
chr19	805187	805511	1	1	0	4	0	58
chr19	805187	806406	1	1	0	3	1	63
chr19	805188	805491	0	0	1	174	106	75
chr19	805188	806407	0	0	1	134	2	74
chr19	805569	806406	1	1	0	19	99	68
chr19	805570	806407	0	0	1	101	102	75
chr19	806556	807867	1	1	0	380	21	38
chr19	806556	807869	1	1	0	1	0	33
chr19	806556	808358	1	1	0	3	0	26
chr19	806556	808378	1	1	0	1	0	37
chr19	807382	810786	2	2	0	0	1	12
chr19	807902	808358	1	1	0	3	0	34
chr19	807903	808359	0	0	1	387	14	73
chr19	808452	808544	1	1	0	547	14	75
chr19	808763	810542	0	0	1	391	9	75
chr19	810620	810696	1	1	0	1	0	63
chr19	810621	810693	0	0	1	518	11	75
chr19	813638	813765	2	2	0	1	0	24
chr19	813895	814432	2	2	0	1	0	50
chr19	813896	814433	0	0	1	7	0	71
chr19	814608	814691	0	0	1	14	0	56
chr19	814749	814884	2	2	0	2	0	57
chr19	814750	814885	0	0	1	14	0	58
chr19	815082	815185	0	0	1	17	0	75
chr19	815328	815665	0	0	1	8	0	71
chr19	815852	821484	0	0	1	12	0	71
chr19	821585	822532	2	2	0	2	0	61
chr19	821586	821914	0	0	1	1	1	64
chr19	827905	828229	0	0	1	42	0	75
chr19	828387	829561	0	0	1	38	2	71
chr19	829706	830706	1	1	0	48	0	73
chr19	830942	831715	0	0	1	65	0	75
chr19	841069	843459	1	1	0	1	0	34
chr19	841070	843460	0	0	1	26	1	75
chr19	843626	843891	1	1	0	29	0	75
chr19	844034	846145	1	1	0	45	4	74
chr19	846377	847807	1	1	0	4	0	70
chr19	846378	847798	0	0	1	61	1	75
chr19	851673	852207	1	1	0	1	0	14
chr19	852395	852874	1	1	0	1	0	73
chr19	852396	852875	0	0	1	72	1	74
chr19	853032	853260	1	1	0	162	3	74
chr19	853078	853260	1	1	0	1	0	12
chr19	853403	855562	1	1	0	141	9	75
chr19	855433	855562	1	1	0	1	0	72
chr19	855795	855957	0	0	1	158	5	75
chr19	859744	860615	1	1	0	10	0	67
chr19	860774	860860	0	0	1	25	1	72
chr19	861005	861697	1	1	0	42	4	75
chr19	861956	865889	1	1	0	1	0	39
chr19	861957	863091	0	0	1	20	0	73
chr19	864578	864907	1	1	0	1	0	58
chr19	868499	868861	2	2	0	0	3	39
chr19	868500	868862	0	0	1	12	3	73
chr19	868531	868861	2	2	0	1	0	23
chr19	868946	871035	2	2	0	0	3	49
chr19	868947	871036	0	0	1	9	4	75
chr19	871253	871924	2	2	0	18	1	69
chr19	872118	873447	2	2	0	1	0	49
chr19	872119	873448	0	0	1	18	0	74
chr19	873582	875211	2	2	0	1	0	20
chr19	873583	875243	0	0	1	16	1	70
chr19	875455	876973	0	0	1	23	0	73
chr19	877181	879936	0	0	1	14	0	65
chr19	877872	879847	2	2	0	0	1	18
chr19	879256	879847	2	2	0	0	1	18
chr19	880149	881558	0	0	1	39	1	75
chr19	881715	884902	0	0	1	28	0	74
chr19	885009	885769	0	0	1	20	1	73
chr19	886202	889637	0	0	1	24	0	73
chr19	886202	890136	0	0	1	1	0	36
chr19	889807	890135	2	2	0	1	0	36
chr19	889808	890136	0	0	1	9	0	74
chr19	890245	890962	0	0	1	21	1	70
chr19	891150	893085	0	0	1	9	1	68
chr19	897540	898775	2	2	0	1	0	32
chr19	897540	899434	2	2	0	1	0	24
chr19	897540	899438	2	2	0	23	0	57
chr19	898888	899438	2	2	0	1	0	57
chr19	899495	900059	2	2	0	2	0	55
chr19	899496	899600	0	0	1	27	0	67
chr19	899687	900060	0	0	1	24	0	75
chr19	900147	900828	0	0	1	31	1	73
chr19	900952	901420	2	2	0	2	0	21
chr19	900952	901974	2	2	0	4	1	56
chr19	900953	901421	0	0	1	60	0	75
chr19	901546	901974	2	2	0	31	3	74
chr19	902130	913085	2	2	0	31	1	72
chr19	902435	902518	0	0	1	2	0	24
chr19	902627	913085	2	2	0	2	0	64
chr19	915861	916866	2	2	0	1	0	24
chr19	919626	919873	0	0	1	1	0	23
chr19	920106	920491	1	1	0	2	0	47
chr19	920107	920289	0	0	1	1	0	69
chr19	925921	929261	0	0	1	2	0	29
chr19	926060	929261	0	0	1	10	2	49
chr19	926198	929261	0	0	1	6	3	75
chr19	929897	932417	0	0	1	20	0	65
chr19	932742	946984	1	1	0	1	0	18
chr19	932742	960090	1	1	0	37	0	73
chr19	941539	960090	1	1	0	1	0	34
chr19	960165	964247	0	0	1	36	0	75
chr19	964431	964831	1	1	0	60	3	72
chr19	964431	966570	1	1	0	3	0	43
chr19	965080	966570	1	1	0	33	2	73
chr19	966868	968403	1	1	0	62	0	74
chr19	968504	971877	0	0	1	56	2	75
chr19	983050	983160	1	1	0	2	0	36
chr19	983251	983961	0	0	1	3	0	33
chr19	984187	985864	0	0	1	1	1	34
chr19	984563	985863	1	1	0	3	5	34
chr19	984564	985864	0	0	1	62	6	75
chr19	985975	989760	1	1	0	3	6	37
chr19	985976	989761	0	0	1	57	8	75
chr19	989895	990221	1	1	0	100	3	75
chr19	990364	990733	1	1	0	1	0	42
chr19	990364	990850	1	1	0	46	0	75
chr19	990995	991079	1	1	0	55	1	66
chr19	991145	991225	1	1	0	1	6	22
chr19	991146	991226	0	0	1	55	8	67
chr19	991351	991953	1	1	0	7	6	20
chr19	991351	991993	1	1	0	2	0	67
chr19	991352	991954	0	0	1	45	6	74
chr19	992121	994210	1	1	0	3	0	38
chr19	992122	994018	0	0	1	60	0	68
chr19	994087	994210	1	1	0	52	1	72
chr19	1005011	1005354	1	1	0	1	0	35
chr19	1005552	1007625	1	1	0	2	0	55
chr19	1007971	1008138	0	0	1	2	0	56
chr19	1008018	1008174	2	2	0	2	0	34
chr19	1008290	1008615	1	1	0	1	0	41
chr19	1008290	1008854	1	1	0	1	0	25
chr19	1008781	1008854	1	1	0	1	0	22
chr19	1008926	1009170	1	1	0	6	0	68
chr19	1010895	1010989	0	0	1	3	0	31
chr19	1010895	1011094	0	0	1	98	1	75
chr19	1010895	1011365	0	0	1	1	0	17
chr19	1011095	1011365	0	0	1	2	0	46
chr19	1011194	1011364	2	2	0	2	1	62
chr19	1011195	1011365	0	0	1	73	2	75
chr19	1011498	1011577	2	2	0	1	0	13
chr19	1011499	1011578	0	0	1	93	1	73
chr19	1011612	1011739	0	0	1	34	0	57
chr19	1011663	1011739	0	0	1	71	0	57
chr19	1011797	1011889	2	2	0	86	2	69
chr19	1011992	1012064	0	0	1	74	2	75
chr19	1012188	1012461	0	0	1	38	0	75
chr19	1012507	1013238	2	2	0	1	0	40
chr19	1012573	1013239	0	0	1	92	1	75
chr19	1013340	1014190	0	0	1	145	0	73
chr19	1013358	1014190	0	0	1	2	0	48
chr19	1013383	1014189	2	2	0	1	0	58
chr19	1014317	1020770	0	0	1	1	0	48
chr19	1014472	1020769	2	2	0	3	0	57
chr19	1014473	1020770	0	0	1	83	0	74
chr19	1026723	1031068	1	1	0	233	6	75
chr19	1030410	1048592	1	1	0	1	0	43
chr19	1031191	1032389	1	1	0	425	6	67
chr19	1032457	1032556	1	1	0	336	5	70
chr19	1032663	1036128	0	0	1	2	0	60
chr19	1032695	1036127	1	1	0	1	0	46
chr19	1032695	1036413	1	1	0	32	2	70
chr19	1032696	1036065	0	0	1	3	0	73
chr19	1032696	1036128	0	0	1	255	11	75
chr19	1036245	1036413	1	1	0	343	20	75
chr19	1036548	1037622	1	1	0	1	0	73
chr19	1036561	1036896	1	1	0	1	0	70
chr19	1036561	1037622	1	1	0	3	2	69
chr19	1036562	1036877	0	0	1	13	0	72
chr19	1036562	1037623	0	0	1	343	2	75
chr19	1037000	1037623	0	0	1	1	0	68
chr19	1040195	1041222	1	1	0	10	1	45
chr19	1041427	1041508	0	0	1	6	0	74
chr19	1041602	1042061	1	1	0	1	0	63
chr19	1041603	1041829	0	0	1	7	0	54
chr19	1041972	1042062	0	0	1	8	0	56
chr19	1042175	1042312	1	1	0	7	0	74
chr19	1042397	1042744	0	0	1	4	1	74
chr19	1042825	1043038	1	1	0	6	1	68
chr19	1043251	1043332	0	0	1	13	0	66
chr19	1043473	1043723	0	0	1	5	1	47
chr19	1043840	1044574	1	1	0	13	0	71
chr19	1043840	1044999	1	1	0	3	0	67
chr19	1044743	1044999	1	1	0	6	0	62
chr19	1045231	1046228	0	0	1	15	0	73
chr19	1046406	1046800	0	0	1	14	0	67
chr19	1047023	1047154	1	1	0	7	0	62
chr19	1047377	1047450	1	1	0	7	0	60
chr19	1047654	1048893	0	0	1	8	0	75
chr19	1049004	1049263	1	1	0	22	0	72
chr19	1049004	1049315	1	1	0	1	0	28
chr19	1049437	1050919	0	0	1	16	0	73
chr19	1049474	1049497	2	2	0	0	1	70
chr19	1049474	1049573	2	2	0	0	1	70
chr19	1049474	1049700	2	2	0	1	0	23
chr19	1051052	1051153	0	0	1	5	0	75
chr19	1051293	1051446	1	1	0	2	0	66
chr19	1051294	1051447	0	0	1	12	1	72
chr19	1051586	1051940	0	0	1	17	1	69
chr19	1052125	1052211	1	1	0	2	4	63
chr19	1052126	1052212	0	0	1	11	4	73
chr19	1052285	1053326	1	1	0	1	4	56
chr19	1052286	1053327	0	0	1	6	4	72
chr19	1053530	1053785	1	1	0	9	0	52
chr19	1053835	1054003	1	1	0	8	0	51
chr19	1054109	1054190	1	1	0	2	0	59
chr19	1054340	1054567	1	1	0	9	1	56
chr19	1054340	1054777	1	1	0	4	0	55
chr19	1054693	1054777	1	1	0	9	0	61
chr19	1054878	1055095	0	0	1	17	0	72
chr19	1055350	1055904	1	1	0	20	0	34
chr19	1055938	1056063	1	1	0	14	0	33
chr19	1055939	1056064	0	0	1	6	0	34
chr19	1056242	1056327	1	1	0	24	1	73
chr19	1056242	1056415	1	1	0	1	0	15
chr19	1056499	1056905	0	0	1	21	0	74
chr19	1057083	1057311	1	1	0	23	0	70
chr19	1057428	1057912	1	1	0	19	0	64
chr19	1057428	1057966	1	1	0	6	0	75
chr19	1057428	1058143	1	1	0	4	0	64
chr19	1058058	1058143	1	1	0	20	0	68
chr19	1058268	1058615	1	1	0	1	0	30
chr19	1058269	1058616	0	0	1	10	0	61
chr19	1058747	1058818	0	0	1	25	1	72
chr19	1058940	1059021	0	0	1	29	2	62
chr19	1059079	1061965	1	1	0	0	1	12
chr19	1059084	1061779	1	1	0	25	0	64
chr19	1061887	1062169	1	1	0	15	0	68
chr19	1062312	1063541	1	1	0	11	0	74
chr19	1062312	1064158	1	1	0	1	0	63
chr19	1063678	1063758	0	0	1	10	0	70
chr19	1063862	1064158	1	1	0	8	2	74
chr19	1063898	1064158	1	1	0	1	0	64
chr19	1064252	1064928	1	1	0	24	2	75
chr19	1065170	1065267	1	1	0	2	0	27
chr19	1065171	1065268	0	0	1	28	0	61
chr19	1065171	1065289	0	0	1	3	0	70
chr19	1066163	1068412	0	0	1	2	0	40
chr19	1067494	1068411	1	1	0	1	0	44
chr19	1067495	1068412	0	0	1	36	2	74
chr19	1067674	1068412	0	0	1	1	0	56
chr19	1068743	1073143	1	1	0	1	0	61
chr19	1068743	1073146	1	1	0	36	1	74
chr19	1073291	1073503	1	1	0	43	0	75
chr19	1073589	1073671	1	1	0	44	0	71
chr19	1073745	1073945	1	1	0	28	0	68
chr19	1074014	1074102	0	0	1	36	1	71
chr19	1074240	1074340	1	1	0	36	0	65
chr19	1074406	1074611	1	1	0	42	3	66
chr19	1074723	1074796	1	1	0	44	3	73
chr19	1074878	1077854	1	1	0	33	0	73
chr19	1078044	1079700	1	1	0	2	1	59
chr19	1078045	1079701	0	0	1	78	3	74
chr19	1079839	1079925	1	1	0	3	1	20
chr19	1079840	1079926	0	0	1	68	1	75
chr19	1080118	1080253	0	0	1	56	2	75
chr19	1080378	1080461	1	1	0	73	3	65
chr19	1080547	1080680	0	0	1	91	3	75
chr19	1080785	1080889	1	1	0	48	1	70
chr19	1081063	1081547	1	1	0	51	1	73
chr19	1081088	1107773	2	2	0	0	1	12
chr19	1081738	1081822	0	0	1	50	2	75
chr19	1081960	1082837	1	1	0	65	1	75
chr19	1083065	1084235	1	1	0	2	0	24
chr19	1083066	1083141	0	0	1	41	1	71
chr19	1083353	1084236	0	0	1	46	1	70
chr19	1084345	1085657	1	1	0	48	1	75
chr19	1085974	1089469	2	2	0	2	0	21
chr19	1087034	1087151	1	3	0	0	1	30
chr19	1088720	1089470	0	0	1	239	5	75
chr19	1089550	1089881	2	2	0	8	0	67
chr19	1089551	1089882	0	0	1	152	4	75
chr19	1089961	1090084	2	2	0	107	3	61
chr19	1090144	1093901	2	2	0	2	0	54
chr19	1090145	1090906	0	0	1	111	4	60
chr19	1090988	1091790	0	0	1	170	3	75
chr19	1091906	1094052	2	2	0	1	0	20
chr19	1091907	1093902	0	0	1	195	2	74
chr19	1091907	1095257	0	0	1	2	0	62
chr19	1093894	1095256	2	2	0	1	0	68
chr19	1093903	1095257	0	0	1	1	0	53
chr19	1094078	1095257	0	0	1	102	3	74
chr19	1094922	1095256	2	2	0	2	0	26
chr19	1104126	1105127	1	1	0	1	1	57
chr19	1104126	1105183	1	1	0	230	5	74
chr19	1104928	1105183	1	1	0	12	2	68
chr19	1105273	1105363	1	1	0	1	0	16
chr19	1105279	1105363	1	1	0	3	1	65
chr19	1105280	1105364	0	0	1	647	22	75
chr19	1105509	1105655	1	1	0	2	0	54
chr19	1105509	1105662	1	1	0	1	0	54
chr19	1105510	1105656	0	0	1	714	24	74
chr19	1105808	1106239	1	1	0	808	17	28
chr19	1105808	1106397	1	1	0	9	1	61
chr19	1105809	1106179	0	0	1	13	1	68
chr19	1106265	1106375	1	1	0	11	0	25
chr19	1106265	1106397	1	1	0	944	26	56
chr19	1106266	1106398	0	0	1	4	0	26
chr19	1106458	1106537	1	1	0	11	0	60
chr19	1106458	1106570	1	1	0	7	0	60
chr19	1106459	1106538	0	0	1	957	24	64
chr19	1108704	1108777	0	0	1	12	1	69
chr19	1108968	1109132	2	2	0	0	7	64
chr19	1108969	1109133	0	0	1	14	7	74
chr19	1109210	1109289	2	2	0	0	8	46
chr19	1109211	1109290	0	0	1	14	8	57
chr19	1109423	1109504	0	0	1	32	1	73
chr19	1109598	1109681	0	0	1	31	1	75
chr19	1109777	1110743	0	0	1	35	2	74
chr19	1110888	1111017	0	0	1	50	1	72
chr19	1111093	1111504	0	0	1	47	1	70
chr19	1111614	1111994	0	0	1	44	2	72
chr19	1112066	1112178	2	2	0	3	0	57
chr19	1112066	1112186	2	2	0	3	2	58
chr19	1112066	1112399	2	2	0	1	0	17
chr19	1112067	1112187	0	0	1	30	2	73
chr19	1112300	1112399	2	2	0	3	2	30
chr19	1112301	1112400	0	0	1	16	2	67
chr19	1112537	1112816	0	0	1	24	1	74
chr19	1112949	1113533	0	0	1	35	0	74
chr19	1113704	1114229	0	0	1	27	0	67
chr19	1114421	1116018	2	2	0	32	0	74
chr19	1116102	1116826	2	2	0	24	0	70
chr19	1116926	1117321	0	0	1	32	1	75
chr19	1117471	1119008	2	2	0	1	0	64
chr19	1117499	1119009	0	0	1	12	1	69
chr19	1119164	1119514	0	0	1	23	3	68
chr19	1119620	1119903	2	2	0	0	2	53
chr19	1119620	1122465	2	2	0	2	0	51
chr19	1119621	1119904	0	0	1	21	2	73
chr19	1120022	1122136	2	2	0	11	0	74
chr19	1122282	1122466	0	0	1	24	0	71
chr19	1122557	1122655	2	2	0	3	0	36
chr19	1122558	1122656	0	0	1	30	2	68
chr19	1122791	1122892	0	0	1	18	0	75
chr19	1123044	1123531	2	2	0	26	3	75
chr19	1123638	1123939	2	2	0	1	0	12
chr19	1123639	1123940	0	0	1	29	1	71
chr19	1124022	1127602	0	0	1	28	0	75
chr19	1127764	1147306	2	2	0	1	0	24
chr19	1127765	1147307	0	0	1	21	0	72
chr19	1147420	1149367	0	0	1	16	1	74
chr19	1149442	1154182	0	0	1	18	1	72
chr19	1154401	1157597	2	2	0	1	0	27
chr19	1154402	1168692	0	0	1	4	0	46
chr19	1154402	1174170	0	0	1	19	0	75
chr19	1173134	1174557	1	1	0	1	0	50
chr19	1173883	1174557	1	1	0	2	0	22
chr19	1207202	1216265	1	1	0	3	0	70
chr19	1207203	1218415	0	0	1	79	7	75
chr19	1212528	1218414	1	1	0	1	0	29
chr19	1216398	1218415	0	0	1	3	0	28
chr19	1218500	1219322	0	0	1	5	0	65
chr19	1219413	1220371	0	0	1	55	5	74
chr19	1220504	1220578	1	1	0	2	3	15
chr19	1220505	1220579	0	0	1	24	4	74
chr19	1220716	1221210	1	1	0	78	0	75
chr19	1221339	1221663	1	1	0	1	0	50
chr19	1221339	1221693	1	1	0	2	0	55
chr19	1221339	1221946	1	1	0	1	0	44
chr19	1221340	1221947	0	0	1	65	5	60
chr19	1221845	1221946	1	1	0	2	0	61
chr19	1222005	1222982	1	1	0	64	2	58
chr19	1223172	1223636	0	0	1	4	0	53
chr19	1223172	1226452	0	0	1	50	1	72
chr19	1223172	1226457	0	0	1	2	0	58
chr19	1226662	1227590	1	1	0	49	3	75
chr19	1230142	1231099	0	0	1	2	0	73
chr19	1231275	1233424	0	0	1	9	0	67
chr19	1233636	1234189	0	0	1	4	0	50
chr19	1234331	1234569	0	0	1	2	0	50
chr19	1234742	1234999	0	0	1	2	0	52
chr19	1235389	1235498	2	2	0	3	0	23
chr19	1235565	1235777	0	0	1	5	0	62
chr19	1235918	1235994	0	0	1	3	0	65
chr19	1241990	1242453	1	1	0	2	0	58
chr19	1241990	1242483	1	1	0	1	0	52
chr19	1241991	1242454	0	0	1	127	2	75
chr19	1242357	1242453	1	1	0	2	0	18
chr19	1242608	1244094	1	1	0	147	3	75
chr19	1244184	1244312	1	1	0	3	0	67
chr19	1244185	1244313	0	0	1	237	9	75
chr19	1244439	1244734	1	1	0	90	1	74
chr19	1245713	1246398	1	1	0	1	0	41
chr19	1246440	1246474	1	1	0	1	0	41
chr19	1248659	1249887	1	1	0	10	0	61
chr19	1250528	1251559	1	1	0	34	4	75
chr19	1250528	1251836	1	1	0	1	0	14
chr19	1250529	1251560	0	0	1	1	0	36
chr19	1251648	1251836	1	1	0	50	2	64
chr19	1251900	1253951	1	1	0	19	0	64
chr19	1251900	1254164	1	1	0	1	0	63
chr19	1251900	1254239	1	1	0	1	0	42
chr19	1251900	1254899	1	1	0	2	0	38
chr19	1251901	1254165	0	0	1	53	1	65
chr19	1254082	1254165	0	0	1	16	0	52
chr19	1254477	1254899	1	1	0	59	2	74
chr19	1254477	1254902	1	1	0	13	1	74
chr19	1255060	1255487	1	1	0	2	0	31
chr19	1255061	1255420	0	0	1	72	2	74
chr19	1255694	1256993	0	0	1	44	1	75
chr19	1263558	1269822	2	2	0	1	0	62
chr19	1265280	1270925	1	1	0	3	0	48
chr19	1267292	1270926	0	0	1	1	0	39
chr19	1268390	1269823	0	0	1	2	0	74
chr19	1269407	1270878	0	0	1	3	0	3
chr19	1269409	1270925	1	1	0	0	1	37
chr19	1269410	1270865	0	0	1	16	0	65
chr19	1269410	1270926	0	0	1	146	16	69
chr19	1269915	1270926	0	0	1	0	11	4
chr19	1270882	1270926	0	0	1	3	11	4
chr19	1271035	1271137	1	1	0	308	18	75
chr19	1271035	1271326	1	1	0	1	0	34
chr19	1271245	1271326	1	1	0	285	11	75
chr19	1271467	1271549	0	0	1	7	0	73
chr19	1271631	1271978	1	1	0	106	5	74
chr19	1272050	1272424	1	1	0	149	11	75
chr19	1272051	1274305	0	0	1	22	1	67
chr19	1273715	1274305	0	0	1	5	0	75
chr19	1274440	1274647	0	0	1	34	3	70
chr19	1275830	1277181	0	0	1	58	0	70
chr19	1276103	1277181	0	0	1	22	1	67
chr19	1276673	1277181	0	0	1	2	0	60
chr19	1277298	1278774	1	1	0	101	2	75
chr19	1285584	1295542	1	1	0	4	0	68
chr19	1286308	1295543	0	0	1	2	0	57
chr19	1295857	1298548	1	1	0	7	0	58
chr19	1298615	1299821	1	1	0	11	0	54
chr19	1331371	1344067	2	2	0	0	1	21
chr19	1338100	1372079	1	1	0	1	0	38
chr19	1355020	1356322	0	0	1	0	1	9
chr19	1355135	1356322	0	0	1	2	0	68
chr19	1356448	1357006	1	1	0	0	1	17
chr19	1356449	1357007	0	0	1	46	2	73
chr19	1357093	1358323	1	1	0	2	0	73
chr19	1357093	1358391	1	1	0	36	1	67
chr19	1358463	1360133	1	1	0	28	0	71
chr19	1358464	1358586	0	0	1	16	1	72
chr19	1358692	1360133	1	1	0	6	0	73
chr19	1358699	1360133	1	1	0	4	0	55
chr19	1361031	1362247	1	1	0	26	1	74
chr19	1362350	1364506	1	1	0	39	2	72
chr19	1362350	1369262	1	1	0	1	0	36
chr19	1364579	1366303	0	0	1	41	1	68
chr19	1366380	1367157	1	1	0	29	1	61
chr19	1367219	1369262	1	1	0	29	1	62
chr19	1369068	1369262	1	1	0	1	0	44
chr19	1369339	1369593	1	1	0	1	1	52
chr19	1369340	1369594	0	0	1	40	1	51
chr19	1369646	1370640	0	0	1	36	3	52
chr19	1371077	1373069	1	1	0	2	9	57
chr19	1371078	1373070	0	0	1	25	8	73
chr19	1373159	1373945	1	1	0	1	0	40
chr19	1373159	1376142	1	1	0	1	0	51
chr19	1373159	1376516	1	1	0	2	8	51
chr19	1373160	1376517	0	0	1	18	9	71
chr19	1383941	1387808	1	1	0	29	0	37
chr19	1384155	1387808	1	1	0	1	0	37
chr19	1387846	1388522	1	1	0	56	1	39
chr19	1388592	1388830	1	1	0	98	3	70
chr19	1388937	1390868	1	1	0	123	2	73
chr19	1391050	1391117	0	0	1	123	5	50
chr19	1391164	1393239	1	1	0	121	3	53
chr19	1393329	1394415	1	1	0	3	0	64
chr19	1393329	1395215	1	1	0	1	0	44
chr19	1393330	1395389	0	0	1	64	1	74
chr19	1393602	1393886	0	0	1	1	0	58
chr19	1393606	1393886	0	0	1	3	0	71
chr19	1394357	1394802	0	0	1	2	0	72
chr19	1397498	1398913	2	2	0	1	1	44
chr19	1397499	1398914	0	0	1	57	3	72
chr19	1399026	1399126	0	0	1	71	8	68
chr19	1399194	1399514	2	2	0	1	0	15
chr19	1399194	1399521	2	2	0	10	36	67
chr19	1399195	1399522	0	0	1	37	36	67
chr19	1399586	1399790	2	2	0	7	35	63
chr19	1399587	1399791	0	0	1	28	36	65
chr19	1399937	1401780	2	2	0	1	0	64
chr19	1399938	1401294	0	0	1	35	2	74
chr19	1401875	1403120	2	2	0	1	0	13
chr19	1407801	1417497	1	1	0	2	0	41
chr19	1407801	1432511	1	1	0	1	0	71
chr19	1407802	1417498	0	0	1	201	9	40
chr19	1409375	1409895	1	1	0	1	0	14
chr19	1410079	1417498	0	0	1	1	0	34
chr19	1416555	1417498	0	0	1	1	2	40
chr19	1416702	1417497	1	1	0	2	0	41
chr19	1417192	1417497	1	1	0	1	0	40
chr19	1417252	1417497	1	1	0	1	0	41
chr19	1417539	1418201	1	1	0	174	10	64
chr19	1418369	1418663	1	1	0	272	21	70
chr19	1418730	1421145	1	1	0	194	10	66
chr19	1418730	1421148	1	1	0	61	3	66
chr19	1421257	1422345	1	1	0	15	229	50
chr19	1421257	1425875	1	1	0	1	0	73
chr19	1421258	1422346	0	0	1	153	237	56
chr19	1422395	1423417	1	1	0	1	0	46
chr19	1422395	1425875	1	1	0	28	222	48
chr19	1422395	1428839	1	1	0	2	13	48
chr19	1422396	1425876	0	0	1	136	230	51
chr19	1422396	1428840	0	0	1	2	12	50
chr19	1425960	1428840	0	0	1	243	32	75
chr19	1425961	1428839	1	1	0	0	1	60
chr19	1427888	1428839	1	1	0	0	1	59
chr19	1428994	1429964	1	1	0	19	237	32
chr19	1428994	1430219	1	1	0	4	0	71
chr19	1428995	1429965	0	0	1	110	241	31
chr19	1429995	1430219	1	1	0	19	238	30
chr19	1429996	1430220	0	0	1	41	241	33
chr19	1430119	1430219	1	1	0	1	0	48
chr19	1430362	1432512	0	0	1	229	27	75
chr19	1432680	1434737	1	1	0	3	0	67
chr19	1432689	1433736	1	1	0	0	1	37
chr19	1432689	1434734	1	1	0	113	4	75
chr19	1432690	1433737	0	0	1	3	1	56
chr19	1432690	1434738	0	0	1	41	2	68
chr19	1433826	1434734	1	1	0	2	0	15
chr19	1433826	1434737	1	1	0	0	1	25
chr19	1433827	1434738	0	0	1	2	1	50
chr19	1438427	1438804	1	1	0	3	0	38
chr19	1438427	1438808	1	1	0	7	1	50
chr19	1438428	1438805	0	0	1	725	57	69
chr19	1438580	1438805	0	0	1	19	33	56
chr19	1438891	1439941	1	1	0	2	0	49
chr19	1438891	1440016	1	1	0	2028	81	75
chr19	1438891	1440023	1	1	0	2	1	57
chr19	1438892	1439604	0	0	1	2	1	49
chr19	1438892	1439966	0	0	1	1	0	7
chr19	1440240	1440346	1	1	0	10	0	69
chr19	1440252	1440346	1	1	0	3480	76	75
chr19	1453142	1453245	0	0	1	1	0	40
chr19	1453336	1453428	1	1	0	1	0	75
chr19	1456404	1456851	0	0	1	1	0	5
chr19	1459854	1460296	2	2	0	1	0	54
chr19	1461824	1478772	0	0	1	5	0	72
chr19	1473342	1478771	2	2	0	1	0	57
chr19	1475258	1478772	0	0	1	5	0	39
chr19	1478905	1479112	0	0	1	3	0	29
chr19	1478905	1479161	0	0	1	4	0	65
chr19	1481219	1489313	1	1	0	1	0	50
chr19	1482207	1482351	0	0	1	2	0	69
chr19	1482475	1482894	0	0	1	2	0	44
chr19	1483020	1483282	0	0	1	2	0	48
chr19	1483462	1483647	2	2	0	2	0	66
chr19	1483767	1483836	0	0	1	4	0	33
chr19	1483940	1484024	2	2	0	4	0	53
chr19	1487860	1487961	2	2	0	2	0	63
chr19	1488092	1488186	0	0	1	4	0	46
chr19	1488280	1489791	0	0	1	1	0	12
chr19	1489897	1490156	0	0	1	1	0	64
chr19	1491384	1495292	0	0	1	48	1	69
chr19	1495386	1495466	1	1	0	35	3	63
chr19	1495606	1496282	1	1	0	13	0	44
chr19	1496452	1497171	1	1	0	33	0	73
chr19	1506316	1506588	0	0	1	1	0	59
chr19	1506661	1506737	0	0	1	3	0	72
chr19	1506927	1507239	2	2	0	1	0	68
chr19	1506928	1507240	0	0	1	8	0	70
chr19	1507404	1507542	2	2	0	1	0	53
chr19	1507405	1507555	0	0	1	3	0	68
chr19	1508108	1508440	2	2	0	2	0	42
chr19	1508908	1510148	0	0	1	1	0	69
chr19	1510257	1510365	2	2	0	4	0	62
chr19	1510427	1510636	2	2	0	0	1	22
chr19	1510428	1510637	0	0	1	4	1	63
chr19	1510730	1510843	0	0	1	0	1	7
chr19	1510733	1510843	0	0	1	1	0	37
chr19	1510916	1511073	2	2	0	2	0	49
chr19	1510917	1511623	0	0	1	1	0	41
chr19	1529490	1529745	0	0	1	1	0	54
chr19	1555388	1555574	0	0	0	3	0	70
chr19	1556923	1567462	0	0	1	43	1	75
chr19	1564402	1590166	1	1	0	0	1	13
chr19	1578158	1578333	0	0	1	77	2	75
chr19	1578533	1581089	2	2	0	1	0	49
chr19	1578537	1579668	2	2	0	1	0	58
chr19	1578537	1581089	2	2	0	1	0	38
chr19	1578537	1582619	2	2	0	4	0	60
chr19	1578538	1581090	0	0	1	63	0	75
chr19	1581269	1582620	0	0	1	53	2	75
chr19	1582712	1584538	0	0	1	55	2	74
chr19	1583380	1584538	0	0	1	2	0	50
chr19	1584677	1585053	0	0	1	55	2	75
chr19	1585213	1586053	2	2	0	2	0	65
chr19	1585214	1585903	0	0	1	1	0	11
chr19	1585214	1592520	0	0	1	6	0	67
chr19	1585214	1592616	0	0	1	16	1	67
chr19	1598214	1599409	2	2	0	0	1	31
chr19	1598215	1599410	0	0	1	185	2	73
chr19	1599559	1599985	2	2	0	1	0	59
chr19	1599559	1605357	2	2	0	2	0	66
chr19	1599560	1605358	0	0	1	227	6	75
chr19	1609599	1611702	0	0	1	10	0	75
chr19	1610500	1611702	0	0	1	10	0	41
chr19	1611369	1611702	0	0	1	45	1	75
chr19	1611849	1612205	0	0	1	36	3	75
chr19	1611849	1615283	0	0	1	41	4	75
chr19	1612430	1615684	0	0	1	14	0	68
chr19	1612433	1615283	0	0	1	3	0	68
chr19	1612433	1615684	0	0	1	49	2	73
chr19	1615479	1615683	2	2	0	2	0	30
chr19	1615485	1615684	0	0	1	3	0	70
chr19	1615520	1615684	0	0	1	72	0	74
chr19	1615820	1619108	2	2	0	1	2	53
chr19	1615821	1619109	0	0	1	87	2	75
chr19	1619233	1619313	2	2	0	2	2	24
chr19	1619234	1619314	0	0	1	66	2	75
chr19	1619470	1619777	2	2	0	8	0	73
chr19	1619474	1619778	0	0	1	102	1	75
chr19	1619852	1620965	2	2	0	7	0	73
chr19	1619853	1620966	0	0	1	102	4	74
chr19	1621046	1621131	0	0	1	89	3	59
chr19	1621190	1621835	2	2	0	1	1	53
chr19	1621191	1621836	0	0	1	69	1	60
chr19	1621969	1622051	2	2	0	1	1	50
chr19	1621970	1622052	0	0	1	22	1	75
chr19	1622223	1622311	0	0	1	49	2	68
chr19	1622414	1623948	2	2	0	5	0	51
chr19	1622415	1623949	0	0	1	61	7	51
chr19	1623999	1646352	2	2	0	1	0	40
chr19	1624000	1625574	0	0	1	60	5	53
chr19	1625707	1627356	2	2	0	3	32	69
chr19	1625708	1627357	0	0	1	43	33	67
chr19	1627425	1632035	2	2	0	10	30	67
chr19	1627425	1646352	2	2	0	2	2	67
chr19	1627426	1631949	0	0	1	1	0	50
chr19	1627426	1632036	0	0	1	16	30	69
chr19	1627426	1646353	0	0	1	4	2	54
chr19	1632116	1632330	0	0	1	56	2	75
chr19	1632404	1646352	2	2	0	3	0	47
chr19	1632405	1646353	0	0	1	59	4	73
chr19	1639733	1646352	2	2	0	1	0	54
chr19	1646427	1650175	0	0	1	68	2	75
chr19	1650286	1652297	2	2	0	1	0	17
chr19	1650286	1652712	2	2	0	1	0	38
chr19	1650287	1652298	0	0	1	6	0	65
chr19	1650289	1652297	2	2	0	1	0	12
chr19	1748341	1748511	0	0	1	1	0	74
chr19	1770408	1799113	2	4	0	0	1	25
chr19	1783270	1784817	0	0	1	2	0	44
chr19	1784945	1785156	2	2	0	1	0	62
chr19	1785297	1785467	0	0	1	3	0	68
chr19	1800154	1800256	2	2	0	4	0	73
chr19	1800449	1801954	0	0	1	2	1	60
chr19	1802044	1802485	0	0	1	6	0	70
chr19	1802644	1805371	2	2	0	0	1	53
chr19	1802645	1805372	0	0	1	4	1	64
chr19	1805455	1805885	2	2	0	1	1	74
chr19	1805456	1805886	0	0	1	3	1	54
chr19	1805957	1806094	2	2	0	5	0	59
chr19	1806168	1806374	2	2	0	2	0	72
chr19	1806169	1806626	0	0	1	3	0	62
chr19	1806499	1806625	2	2	0	1	0	43
chr19	1806689	1807166	0	0	1	9	0	57
chr19	1807224	1808219	2	2	0	1	0	22
chr19	1807266	1808220	0	0	1	8	0	62
chr19	1808335	1809641	0	0	1	4	0	75
chr19	1809734	1810620	0	0	1	6	0	61
chr19	1810683	1811487	0	0	1	2	0	32
chr19	1810683	1811599	0	0	1	3	0	53
chr19	1811884	1812184	0	0	1	3	0	67
chr19	1816154	1816223	0	0	1	14	0	74
chr19	1816344	1816695	2	2	0	1	0	45
chr19	1816345	1816429	0	0	1	24	1	72
chr19	1816569	1816696	0	0	1	19	1	73
chr19	1816813	1817217	0	0	1	16	0	72
chr19	1817329	1817705	0	0	1	14	0	70
chr19	1817458	1817705	0	0	1	1	0	74
chr19	1817780	1818480	0	0	1	14	0	72
chr19	1818594	1818703	2	2	0	10	0	75
chr19	1818843	1819016	0	0	1	9	0	73
chr19	1819130	1819931	2	2	0	18	0	75
chr19	1820057	1820262	0	0	1	24	0	74
chr19	1820180	1820262	0	0	1	3	0	62
chr19	1820395	1821517	0	0	1	18	0	74
chr19	1821682	1823570	0	0	1	20	0	75
chr19	1823784	1825836	2	2	0	1	0	52
chr19	1823785	1825837	0	0	1	8	0	65
chr19	1825943	1826876	0	0	1	14	0	51
chr19	1828631	1848200	0	0	1	7	0	70
chr19	1830866	1848200	0	0	1	2	0	29
chr19	1852595	1854279	0	0	1	1	0	7
chr19	1854759	1855250	2	2	0	2	0	60
chr19	1854760	1863039	0	0	1	16	1	72
chr19	1877424	1877505	2	2	0	22	0	72
chr19	1877687	1879919	0	0	1	36	0	73
chr19	1880114	1885349	2	2	0	1	0	59
chr19	1880115	1881233	0	0	1	34	0	70
chr19	1881804	1885350	0	0	1	17	0	74
chr19	1905438	1912078	1	1	0	1	0	39
chr19	1905439	1914977	0	0	1	16	1	47
chr19	1915025	1917691	1	1	0	26	1	49
chr19	1917821	1918124	1	1	0	33	1	72
chr19	1918282	1918886	1	1	0	38	0	70
chr19	1918282	1920645	1	1	0	1	0	41
chr19	1918989	1923067	1	1	0	20	0	68
chr19	1920850	1920959	1	1	0	1	0	42
chr19	1923187	1924106	0	0	1	38	0	65
chr19	1925911	1925911	0	0	1	14	0	75
chr19	1941417	1968788	1	1	0	2	0	22
chr19	1941417	1969505	1	1	0	17	0	70
chr19	1969958	1978302	1	1	0	1	47	42
chr19	1969959	1978303	0	0	1	21	47	41
chr19	1976113	1978302	1	1	0	1	0	29
chr19	1978344	1978439	1	1	0	5	45	40
chr19	1978345	1978440	0	0	1	13	48	42
chr19	1978510	1978599	1	1	0	26	20	70
chr19	1978510	1978856	1	1	0	1	0	42
chr19	1978749	1978856	1	1	0	37	8	74
chr19	1979092	1979160	1	1	0	50	3	75
chr19	1979247	1979316	1	1	0	1	0	46
chr19	1979248	1979317	0	0	1	44	4	72
chr19	1979402	1979492	1	1	0	43	2	74
chr19	1979617	1979749	1	1	0	4	0	56
chr19	1979642	1979749	1	1	0	61	1	75
chr19	1979834	1979908	1	1	0	1	0	30
chr19	1979835	1979909	0	0	1	54	1	75
chr19	1980016	1980146	1	1	0	53	1	70
chr19	1980390	1990007	1	1	0	2	0	64
chr19	1981799	1982596	1	1	0	1	0	38
chr19	1982716	1984309	1	1	0	1	0	12
chr19	1986648	1986869	2	2	0	1	0	23
chr19	1986649	1986828	0	0	1	91	4	73
chr19	1986976	1987164	0	0	1	102	2	70
chr19	1987244	1987497	2	2	0	1	0	71
chr19	1987252	1987497	2	2	0	1	0	40
chr19	1987253	1987498	0	0	1	85	2	75
chr19	1987692	1990002	0	0	1	38	0	75
chr19	1990201	1990715	0	0	1	44	1	75
chr19	1990821	1991874	2	2	0	6	0	72
chr19	1990821	1993017	2	2	0	3	0	44
chr19	1990822	1993018	0	0	1	63	3	74
chr19	1992055	1993004	2	2	0	1	0	69
chr19	1992055	1993017	2	2	0	3	0	43
chr19	1993175	1997341	2	2	0	44	0	75
chr19	1997462	2013544	2	2	0	1	0	59
chr19	1997462	2028705	2	2	0	1	0	65
chr19	1997463	2015295	0	0	1	24	0	75
chr19	2013717	2015294	2	2	0	1	0	63
chr19	2085733	2094937	1	1	0	0	1	18
chr19	2596286	2624457	1	1	0	0	1	27
chr19	3485534	3487678	2	4	0	0	1	12
chr19	4005530	4056786	2	2	0	2	0	50
