chr19	60748	66345	0	0	1	1	0	49
chr19	65227	66345	0	0	1	1	0	9
chr19	66500	70927	0	0	1	1	0	8
chr19	70814	72169	1	1	0	1	0	48
chr19	191354	195502	2	2	0	1	0	74
chr19	200049	200389	2	2	0	0	2	65
chr19	200243	200389	2	2	0	0	2	65
chr19	201662	201754	2	2	0	2	0	39
chr19	201662	205168	2	2	0	6	12	69
chr19	201813	203873	2	2	0	1	0	35
chr19	204065	205168	2	2	0	9	2	58
chr19	204065	208325	2	2	0	1	0	30
chr19	204069	204842	2	2	0	1	0	68
chr19	205076	205168	2	2	0	9	9	69
chr19	205227	205453	2	2	0	8	0	58
chr19	205227	207670	2	2	0	1	0	12
chr19	205227	208325	2	2	0	2	6	52
chr19	205227	221139	2	2	0	0	3	22
chr19	208391	208956	2	2	0	3	0	51
chr19	209377	209767	2	2	0	2	0	13
chr19	209866	211760	2	2	0	2	0	40
chr19	211715	221139	2	2	0	1	0	28
chr19	211885	218726	2	2	0	1	0	21
chr19	214451	221139	2	2	0	1	0	16
chr19	218917	221139	2	2	0	1	0	56
chr19	219391	221139	2	2	0	1	0	52
chr19	221205	223965	2	2	0	2	0	65
chr19	221205	229634	2	2	0	1	0	52
chr19	224048	229634	2	2	0	2	0	74
chr19	230656	231255	2	2	0	1	0	29
chr19	233542	234424	2	2	0	5	1	53
chr19	238067	239128	2	2	0	3	0	72
chr19	239239	246395	2	2	0	2	0	28
chr19	281537	282132	2	2	0	22	0	69
chr19	282311	282751	0	0	1	11	0	58
chr19	282810	287473	0	0	1	37	0	62
chr19	287751	288018	2	2	0	16	1	69
chr19	288172	291284	0	0	1	11	0	75
chr19	302621	302782	2	2	0	0	1	47
chr19	302816	304078	2	2	0	0	1	25
chr19	302846	303358	2	2	0	0	1	55
chr19	303041	304078	2	2	0	0	1	25
chr19	303071	303358	2	2	0	0	1	55
chr19	303392	304078	2	2	0	0	1	25
chr19	303605	304078	2	2	0	0	1	25
chr19	303698	304078	2	2	0	0	1	25
chr19	303824	304078	2	2	0	0	1	25
chr19	303917	304078	2	2	0	0	1	25
chr19	306711	307117	2	2	0	9	0	74
chr19	307537	308576	0	0	1	9	0	68
chr19	308665	308799	2	2	0	20	0	74
chr19	308665	308820	2	2	0	5	0	72
chr19	308926	311844	0	0	1	13	0	75
chr19	311940	312190	0	0	1	11	0	71
chr19	312273	313491	0	0	1	10	1	74
chr19	313643	325633	2	2	0	12	1	72
chr19	325704	326505	2	2	0	1	0	33
chr19	325705	326506	0	0	1	11	0	71
chr19	326598	326764	2	2	0	2	0	73
chr19	326598	327131	2	2	0	7	0	42
chr19	327256	327862	2	2	0	17	0	74
chr19	327989	328486	2	2	0	1	0	26
chr19	327990	334399	0	0	1	8	0	71
chr19	334543	336082	0	0	1	5	0	73
chr19	336173	343283	2	2	0	1	0	13
chr19	336174	344773	0	0	1	1	0	6
chr19	371323	372630	0	0	1	1	0	53
chr19	381153	381188	1	1	0	0	1	63
chr19	381153	381344	1	1	0	0	1	63
chr19	417323	418922	0	0	1	11	0	72
chr19	419057	422145	0	0	1	7	0	68
chr19	422456	425095	2	2	0	11	0	74
chr19	425232	430683	0	0	1	19	0	64
chr19	430748	434708	0	0	1	13	0	58
chr19	434866	436164	0	0	1	7	0	68
chr19	436292	436379	0	0	1	5	1	52
chr19	436431	436628	2	2	0	0	3	51
chr19	436432	436629	0	0	1	4	3	52
chr19	436683	438716	2	2	0	4	6	53
chr19	436684	438717	0	0	1	9	6	55
chr19	438837	438968	2	2	0	1	4	33
chr19	438838	438969	0	0	1	5	4	65
chr19	439030	440860	2	2	0	1	2	60
chr19	439031	440861	0	0	1	1	2	56
chr19	440933	460528	0	0	1	4	0	61
chr19	464365	467648	0	0	1	1	0	75
chr19	480294	501539	2	2	0	1	0	69
chr19	501625	507375	0	0	1	1	0	59
chr19	501929	504743	1	1	0	1	0	57
chr19	507845	518888	0	0	1	10	0	71
chr19	515667	612073	1	1	0	0	2	33
chr19	532108	536241	1	1	0	1	0	70
chr19	532109	535836	0	0	1	119	2	74
chr19	534657	534877	2	2	0	0	1	34
chr19	534701	534877	2	2	0	0	1	34
chr19	534745	534877	2	2	0	0	1	34
chr19	534789	534877	2	2	0	0	1	34
chr19	534833	534877	2	2	0	0	1	34
chr19	535923	536241	1	1	0	94	3	72
chr19	536340	537011	1	1	0	2	0	57
chr19	536341	537012	0	0	1	116	5	75
chr19	537147	541337	1	1	0	5	2	40
chr19	537147	541341	1	1	0	10	0	68
chr19	537148	541338	0	0	1	130	4	75
chr19	537148	541345	0	0	1	3	0	38
chr19	537600	550120	2	2	0	0	1	51
chr19	540049	540086	1	1	0	1	1	74
chr19	540760	540833	1	3	0	1	0	53
chr19	541253	541338	0	0	1	2	0	29
chr19	544127	547279	0	0	1	3	0	62
chr19	547437	548541	0	0	1	5	0	74
chr19	548677	548920	1	1	0	6	0	72
chr19	549186	549629	0	0	1	6	0	43
chr19	567625	571439	0	0	1	9	0	59
chr19	567649	571439	0	0	1	2	0	73
chr19	571098	571425	1	1	0	1	0	30
chr19	571579	579498	1	1	0	6	0	64
chr19	571596	571695	2	2	0	2	0	44
chr19	571596	571947	2	2	0	1	0	55
chr19	572701	579498	1	1	0	1306	23	75
chr19	572701	580377	1	1	0	3	0	55
chr19	572701	580644	1	1	0	1	0	73
chr19	578121	579498	1	1	0	1	0	42
chr19	579656	580311	1	1	0	1	0	25
chr19	579657	580378	0	0	1	1153	21	75
chr19	580461	580644	1	1	0	87	2	71
chr19	580462	580645	0	0	1	1190	23	75
chr19	580782	581313	1	1	0	20	5	75
chr19	580783	581314	0	0	1	1031	19	75
chr19	581591	582304	1	1	0	739	6	26
chr19	582331	582513	0	0	1	848	10	47
chr19	582582	582748	1	1	0	30	0	68
chr19	582583	582749	0	0	1	1085	28	71
chr19	590577	603542	1	1	0	1	0	75
chr19	590578	603543	0	0	1	12	0	58
chr19	603967	605059	1	1	0	15	0	67
chr19	605222	607962	1	1	0	9	0	73
chr19	608182	610061	1	1	0	0	1	12
chr19	608182	610185	1	1	0	0	1	12
chr19	608182	610257	1	1	0	18	1	72
chr19	610406	613247	0	0	1	33	0	74
chr19	611154	612877	2	2	0	1	0	62
chr19	613488	613850	1	1	0	26	1	75
chr19	614017	615794	0	0	1	32	0	70
chr19	617324	617418	0	0	1	19	2	61
chr19	617480	617568	2	2	0	24	1	63
chr19	617655	617775	2	2	0	3	7	71
chr19	617656	617776	0	0	1	25	8	73
chr19	617849	618486	2	2	0	1	7	72
chr19	617850	618487	0	0	1	32	7	75
chr19	617871	618487	0	0	1	2	1	65
chr19	618281	618486	2	2	0	1	0	53
chr19	618587	618704	0	0	1	58	2	57
chr19	618761	618996	0	0	1	62	1	57
chr19	619111	619209	0	0	1	54	0	75
chr19	619296	619956	2	2	0	1	0	32
chr19	619297	619585	0	0	1	41	0	75
chr19	619687	619956	2	2	0	1	0	33
chr19	619765	619956	2	2	0	2	3	21
chr19	619766	619957	0	0	1	25	3	59
chr19	620080	620363	2	2	0	0	9	20
chr19	620081	620364	0	0	1	24	9	73
chr19	620487	621056	2	2	0	1	7	22
chr19	620488	621057	0	0	1	22	9	67
chr19	621847	622148	0	0	1	18	0	75
chr19	622374	622581	0	0	1	8	0	57
chr19	622743	622819	2	2	0	1	0	50
chr19	622753	622820	0	0	1	17	0	74
chr19	622985	623464	2	2	0	1	0	51
chr19	622986	623453	0	0	1	34	0	54
chr19	623604	624718	0	0	1	16	0	74
chr19	624905	625122	2	2	0	1	0	14
chr19	624906	625123	0	0	1	16	0	69
chr19	625255	629539	0	0	1	7	0	64
chr19	630169	632833	0	0	1	14	0	56
chr19	632938	633423	2	2	0	1	0	48
chr19	632939	633424	0	0	1	16	0	67
chr19	633238	633982	1	1	0	1	0	16
chr19	648278	648371	0	0	1	54	1	70
chr19	648487	648880	2	2	0	2	0	42
chr19	648487	648884	2	2	0	1	0	17
chr19	648488	648881	0	0	1	52	0	75
chr19	648976	649678	0	0	1	49	0	73
chr19	649052	649677	2	2	0	1	1	14
chr19	649748	650232	2	2	0	7	18	64
chr19	649749	650233	0	0	1	22	18	63
chr19	650296	651609	2	2	0	0	12	62
chr19	650296	651690	2	2	0	0	6	59
chr19	650297	651610	0	0	1	34	12	64
chr19	650297	651691	0	0	1	3	6	58
chr19	651856	652232	0	0	1	27	3	67
chr19	651916	652232	0	0	1	1	1	35
chr19	652296	652824	2	2	0	12	13	60
chr19	652297	652825	0	0	1	9	12	59
chr19	652884	663045	2	2	0	1	12	58
chr19	652885	663046	0	0	1	14	12	60
chr19	654546	692271	1	3	0	1	0	32
chr19	667398	667460	1	1	0	1	0	42
chr19	676526	681331	1	1	0	1	0	67
chr19	676526	681648	1	1	0	3	0	30
chr19	676527	677791	0	0	1	18	0	73
chr19	677528	677790	1	1	0	2	0	59
chr19	677977	680272	1	1	0	19	1	71
chr19	677977	681331	1	1	0	2	0	54
chr19	680489	681331	1	1	0	19	0	75
chr19	680879	681331	1	1	0	4	0	43
chr19	681560	681648	1	1	0	2	0	56
chr19	681561	681649	0	0	1	37	1	71
chr19	682145	682240	2	4	0	1	0	63
chr19	682361	682384	2	4	0	0	1	35
chr19	692304	730935	1	1	0	1	0	25
chr19	700577	714287	2	2	0	0	1	22
chr19	704914	708061	1	1	0	4	0	23
chr19	708157	726136	1	1	0	6	0	53
chr19	709152	726137	0	0	1	13	0	52
chr19	726190	727007	0	0	1	14	0	52
chr19	727088	727562	1	1	0	15	0	74
chr19	727694	731093	1	1	0	1	0	56
chr19	727695	731094	0	0	1	22	0	75
chr19	731245	734171	1	1	0	34	1	22
chr19	733755	736821	1	1	0	1	0	28
chr19	734194	736017	1	1	0	32	1	26
chr19	736078	740350	1	1	0	8	0	62
chr19	736078	746283	1	1	0	9	1	60
chr19	740483	746283	1	1	0	9	0	69
chr19	751171	756888	1	1	0	11	0	63
chr19	755750	756888	1	1	0	1	0	51
chr19	758727	759908	0	0	1	31	1	68
chr19	760039	761133	1	1	0	1	0	45
chr19	760039	761623	1	1	0	32	0	40
chr19	760039	763499	1	1	0	2	0	24
chr19	761232	761623	1	1	0	4	0	40
chr19	761664	763500	0	0	1	43	1	40
chr19	761889	810541	1	1	0	1	0	16
chr19	783331	784814	0	0	1	8	0	65
chr19	797505	799411	1	1	0	219	2	59
chr19	798545	799411	1	1	0	1	0	27
chr19	799443	803559	1	1	0	332	4	38
chr19	799443	803618	1	1	0	2	0	17
chr19	803636	804034	1	1	0	463	11	75
chr19	804208	804290	1	1	0	0	1	23
chr19	804209	804291	0	0	1	383	8	75
chr19	804438	804530	1	1	0	340	12	75
chr19	804439	804540	0	0	1	1	0	5
chr19	804702	804827	1	1	0	361	14	75
chr19	804939	805011	1	1	0	414	13	75
chr19	805187	805490	1	1	0	15	115	68
chr19	805187	805511	1	1	0	9	0	58
chr19	805187	806406	1	1	0	4	0	72
chr19	805188	805491	0	0	1	150	117	75
chr19	805188	806407	0	0	1	141	2	73
chr19	805569	806406	1	1	0	13	115	68
chr19	805570	806407	0	0	1	123	116	74
chr19	806556	807867	1	1	0	444	17	35
chr19	806556	808358	1	1	0	12	0	74
chr19	807902	808358	1	1	0	1	0	57
chr19	807903	808359	0	0	1	428	14	72
chr19	808452	808544	1	1	0	475	8	75
chr19	808763	810542	0	0	1	407	9	75
chr19	810621	810693	0	0	1	522	9	75
chr19	813896	814433	0	0	1	11	0	70
chr19	814572	814691	0	0	1	1	0	43
chr19	814608	814691	0	0	1	18	1	58
chr19	814749	814884	2	2	0	5	0	59
chr19	814750	814885	0	0	1	15	1	59
chr19	815082	815185	0	0	1	12	0	68
chr19	815328	815665	0	0	1	5	0	61
chr19	815852	821484	0	0	1	4	0	53
chr19	821586	821914	0	0	1	1	0	45
chr19	825198	828229	0	0	1	1	0	12
chr19	827904	828228	1	1	0	1	0	53
chr19	827905	828229	0	0	1	41	2	60
chr19	828387	829561	0	0	1	43	6	75
chr19	829706	830706	1	1	0	72	0	74
chr19	829706	830849	1	1	0	1	0	63
chr19	830942	831715	0	0	1	72	3	75
chr19	841070	843460	0	0	1	8	0	58
chr19	843626	843891	1	1	0	29	2	75
chr19	844034	846145	1	1	0	46	2	75
chr19	846378	847798	0	0	1	66	1	74
chr19	852381	853325	2	4	0	2	0	51
chr19	852396	852875	0	0	1	73	0	75
chr19	853032	853260	1	1	0	119	1	75
chr19	853403	855562	1	1	0	137	6	75
chr19	855433	855562	1	1	0	3	0	72
chr19	855764	855956	1	1	0	2	0	52
chr19	855795	855957	0	0	1	179	2	75
chr19	859744	860615	1	1	0	6	0	37
chr19	860774	860860	0	0	1	25	2	75
chr19	861005	861697	1	1	0	35	2	75
chr19	861957	863091	0	0	1	14	0	69
chr19	868499	868861	2	2	0	0	5	58
chr19	868500	868862	0	0	1	5	5	71
chr19	868946	871035	2	2	0	0	4	30
chr19	868947	871036	0	0	1	9	5	74
chr19	871253	871401	2	2	0	1	0	25
chr19	871253	871924	2	2	0	21	2	74
chr19	872119	873448	0	0	1	21	0	72
chr19	873010	873448	0	0	1	1	0	3
chr19	873583	875243	0	0	1	18	0	62
chr19	875455	876973	0	0	1	11	2	69
chr19	877181	879936	0	0	1	10	1	73
chr19	880149	881558	0	0	1	17	0	69
chr19	881715	884902	0	0	1	34	0	74
chr19	885008	885768	2	2	0	1	0	28
chr19	885009	885769	0	0	1	37	0	75
chr19	886202	889637	0	0	1	17	0	75
chr19	889807	890135	2	2	0	3	0	35
chr19	889808	890136	0	0	1	15	0	68
chr19	890245	890962	0	0	1	38	2	73
chr19	891150	893085	0	0	1	13	0	74
chr19	897540	899438	2	2	0	18	3	57
chr19	899496	899600	0	0	1	31	0	57
chr19	899687	900060	0	0	1	39	0	72
chr19	900147	900828	0	0	1	46	0	75
chr19	900952	901420	2	2	0	3	0	61
chr19	900952	901974	2	2	0	5	0	57
chr19	900953	901421	0	0	1	38	1	73
chr19	901546	901974	2	2	0	25	0	69
chr19	902101	902240	2	2	0	1	0	67
chr19	902130	913085	2	2	0	44	0	72
chr19	902435	902518	0	0	1	1	0	6
chr19	917746	918542	1	1	0	4	0	62
chr19	918669	919489	0	0	1	1	0	19
chr19	919621	919872	1	1	0	2	0	16
chr19	919621	929260	1	1	0	1	0	25
chr19	919626	919873	0	0	1	2	0	43
chr19	919626	920289	0	0	1	1	0	57
chr19	920107	920289	0	0	1	2	0	41
chr19	925921	929261	0	0	1	4	1	70
chr19	926060	929261	0	0	1	2	0	35
chr19	926198	929261	0	0	1	3	1	45
chr19	929146	929261	0	0	1	4	0	52
chr19	929897	932417	0	0	1	12	1	75
chr19	932742	960090	1	1	0	34	1	74
chr19	941539	960090	1	1	0	4	0	68
chr19	950279	950394	1	3	0	0	1	43
chr19	959436	960090	1	1	0	3	0	61
chr19	960164	964204	1	1	0	1	0	42
chr19	960165	964247	0	0	1	50	0	67
chr19	964431	964831	1	1	0	82	1	75
chr19	965080	966570	1	1	0	32	1	75
chr19	966868	968403	1	1	0	65	1	75
chr19	968503	971876	1	1	0	1	0	36
chr19	968504	971877	0	0	1	83	1	70
chr19	972956	973230	1	1	0	1	0	64
chr19	983050	983160	1	1	0	2	0	68
chr19	983251	983961	0	0	1	5	0	55
chr19	984187	985864	0	0	1	1	0	73
chr19	984563	985863	1	1	0	5	9	39
chr19	984564	985864	0	0	1	42	10	72
chr19	985975	986134	1	1	0	1	0	32
chr19	985975	989760	1	1	0	2	9	36
chr19	985976	989761	0	0	1	55	11	75
chr19	989895	990221	1	1	0	74	1	75
chr19	990364	990850	1	1	0	46	1	74
chr19	990364	990976	1	1	0	2	0	51
chr19	990995	991079	1	1	0	62	0	66
chr19	991145	991225	1	1	0	1	3	18
chr19	991146	991226	0	0	1	75	4	67
chr19	991351	991953	1	1	0	5	3	20
chr19	991352	991954	0	0	1	64	5	75
chr19	992121	994210	1	1	0	2	0	48
chr19	992122	994018	0	0	1	40	4	68
chr19	994087	994210	1	1	0	37	2	69
chr19	1003722	1004519	0	0	1	0	1	12
chr19	1007773	1007854	0	0	1	1	0	34
chr19	1008018	1008174	2	2	0	1	0	73
chr19	1008290	1008615	1	1	0	3	0	57
chr19	1010895	1010989	0	0	1	3	0	57
chr19	1010895	1011094	0	0	1	122	4	75
chr19	1010895	1011365	0	0	1	2	0	63
chr19	1011094	1011364	2	2	0	1	0	12
chr19	1011095	1011365	0	0	1	6	0	42
chr19	1011131	1011364	2	2	0	1	0	37
chr19	1011194	1011364	2	2	0	2	4	38
chr19	1011195	1011365	0	0	1	91	4	75
chr19	1011498	1011577	2	2	0	7	3	56
chr19	1011499	1011578	0	0	1	86	4	72
chr19	1011612	1011739	0	0	1	23	0	57
chr19	1011663	1011739	0	0	1	78	0	57
chr19	1011797	1011889	2	2	0	121	0	60
chr19	1011991	1012063	2	2	0	1	0	59
chr19	1011992	1012064	0	0	1	91	1	74
chr19	1012188	1012461	0	0	1	46	0	75
chr19	1012573	1013239	0	0	1	93	0	75
chr19	1013340	1014190	0	0	1	150	3	74
chr19	1013358	1014190	0	0	1	4	0	74
chr19	1013383	1014189	2	2	0	1	0	22
chr19	1014316	1014396	2	2	0	1	0	58
chr19	1014472	1020769	2	2	0	2	0	47
chr19	1014473	1020770	0	0	1	95	4	74
chr19	1026723	1031068	1	1	0	216	4	74
chr19	1029121	1029239	1	1	0	0	1	59
chr19	1029121	1029478	1	1	0	0	1	59
chr19	1029161	1029239	1	1	0	0	1	59
chr19	1029161	1029478	1	1	0	0	1	59
chr19	1029280	1029478	1	1	0	0	1	59
chr19	1029320	1029478	1	1	0	0	1	59
chr19	1029439	1029478	1	1	0	0	1	59
chr19	1031191	1032389	1	1	0	358	4	67
chr19	1032457	1032556	1	1	0	269	7	73
chr19	1032457	1032560	1	1	0	1	0	43
chr19	1032663	1036128	0	0	1	1	0	16
chr19	1032695	1036127	1	1	0	1	0	15
chr19	1032695	1036413	1	1	0	22	2	75
chr19	1032695	1037622	1	1	0	1	0	25
chr19	1032696	1036065	0	0	1	1	0	9
chr19	1032696	1036128	0	0	1	271	17	75
chr19	1032865	1044023	2	2	0	0	1	15
chr19	1032921	1037548	0	0	1	1	0	3
chr19	1036245	1036413	1	1	0	324	19	75
chr19	1036561	1036896	1	1	0	1	0	66
chr19	1036561	1037622	1	1	0	5	1	75
chr19	1036562	1036877	0	0	1	3	0	37
chr19	1036562	1037623	0	0	1	319	10	75
chr19	1037000	1037623	0	0	1	2	0	47
chr19	1040195	1041222	1	1	0	6	0	68
chr19	1041427	1041508	0	0	1	9	0	75
chr19	1041603	1041829	0	0	1	14	0	74
chr19	1041972	1042062	0	0	1	14	1	75
chr19	1042175	1042312	1	1	0	11	0	59
chr19	1042397	1042744	0	0	1	7	0	63
chr19	1042825	1043038	1	1	0	14	0	66
chr19	1043251	1043332	0	0	1	4	0	66
chr19	1043473	1043723	0	0	1	15	1	73
chr19	1043840	1044574	1	1	0	16	1	72
chr19	1044743	1044999	1	1	0	5	1	70
chr19	1045230	1046227	1	1	0	1	0	23
chr19	1045231	1046228	0	0	1	11	0	73
chr19	1046405	1046873	1	1	0	2	0	31
chr19	1046406	1046800	0	0	1	7	0	75
chr19	1047023	1047154	1	1	0	12	0	68
chr19	1047377	1047450	1	1	0	5	0	35
chr19	1047654	1048893	0	0	1	17	0	75
chr19	1049004	1049263	1	1	0	16	0	68
chr19	1049004	1049315	1	1	0	5	0	66
chr19	1049436	1051152	1	1	0	2	0	63
chr19	1049437	1050919	0	0	1	8	0	62
chr19	1049461	1050918	1	1	0	2	0	24
chr19	1049525	1049573	2	2	0	1	0	35
chr19	1051052	1051153	0	0	1	2	0	36
chr19	1051294	1051447	0	0	1	9	0	72
chr19	1051586	1051940	0	0	1	10	1	67
chr19	1052125	1052211	1	1	0	5	5	74
chr19	1052126	1052212	0	0	1	15	5	73
chr19	1052285	1053326	1	1	0	0	5	65
chr19	1052286	1053327	0	0	1	15	6	67
chr19	1053530	1053785	1	1	0	24	1	52
chr19	1053835	1054003	1	1	0	32	1	51
chr19	1054109	1054190	1	1	0	17	2	61
chr19	1054340	1054567	1	1	0	8	0	72
chr19	1054693	1054777	1	1	0	7	0	73
chr19	1054878	1055095	0	0	1	10	1	72
chr19	1055350	1055904	1	1	0	16	0	46
chr19	1055938	1056063	1	1	0	10	0	34
chr19	1055939	1056064	0	0	1	6	0	35
chr19	1056242	1056327	1	1	0	30	0	74
chr19	1056498	1056883	1	1	0	0	1	58
chr19	1056499	1056905	0	0	1	32	2	74
chr19	1057083	1057311	1	1	0	26	2	74
chr19	1057428	1057912	1	1	0	14	2	64
chr19	1057428	1057966	1	1	0	5	0	71
chr19	1057428	1058615	1	1	0	1	0	58
chr19	1058058	1058143	1	1	0	11	0	70
chr19	1058269	1058616	0	0	1	9	0	48
chr19	1058747	1058818	0	0	1	16	0	70
chr19	1058940	1059021	0	0	1	41	0	62
chr19	1059084	1061779	1	1	0	33	0	62
chr19	1059084	1061965	1	1	0	1	0	62
chr19	1061887	1062169	1	1	0	31	0	74
chr19	1062312	1063541	1	1	0	15	0	73
chr19	1063678	1063758	0	0	1	9	0	71
chr19	1063862	1064158	1	1	0	10	0	60
chr19	1063898	1064158	1	1	0	1	0	22
chr19	1064252	1064928	1	1	0	17	0	75
chr19	1064253	1064929	0	0	1	1	0	57
chr19	1064746	1064928	1	1	0	3	0	48
chr19	1064746	1064973	1	1	0	1	0	50
chr19	1065171	1065268	0	0	1	20	2	50
chr19	1066163	1068412	0	0	1	3	0	73
chr19	1067495	1068412	0	0	1	39	2	75
chr19	1067674	1068412	0	0	1	2	0	42
chr19	1068743	1073146	1	1	0	40	0	75
chr19	1073291	1073503	1	1	0	42	1	72
chr19	1073589	1073671	1	1	0	47	1	66
chr19	1073745	1073945	1	1	0	34	0	68
chr19	1074013	1074101	1	1	0	1	0	12
chr19	1074014	1074102	0	0	1	36	1	71
chr19	1074240	1074340	1	1	0	36	0	65
chr19	1074406	1074611	1	1	0	37	1	66
chr19	1074723	1074796	1	1	0	15	0	75
chr19	1074878	1077854	1	1	0	22	2	75
chr19	1075157	1077854	1	1	0	1	0	61
chr19	1078044	1079700	1	1	0	2	0	43
chr19	1078045	1079701	0	0	1	51	0	71
chr19	1079840	1079926	0	0	1	57	1	74
chr19	1080118	1080253	0	0	1	65	1	74
chr19	1080378	1080461	1	1	0	67	4	75
chr19	1080546	1080679	1	1	0	1	0	49
chr19	1080547	1080680	0	0	1	85	1	75
chr19	1080785	1080889	1	1	0	44	0	74
chr19	1081063	1081547	1	1	0	53	0	64
chr19	1081737	1081821	1	1	0	0	1	66
chr19	1081738	1081822	0	0	1	55	1	74
chr19	1081960	1082837	1	1	0	87	0	75
chr19	1083065	1083159	1	1	0	1	0	28
chr19	1083066	1083141	0	0	1	38	2	75
chr19	1083352	1083949	1	1	0	1	0	13
chr19	1083353	1084236	0	0	1	47	1	69
chr19	1084019	1084235	1	1	0	1	0	19
chr19	1084345	1085657	1	1	0	46	1	74
chr19	1087132	1097236	1	1	0	0	2	22
chr19	1088712	1089469	2	2	0	2	0	55
chr19	1088720	1089470	0	0	1	247	0	75
chr19	1089550	1089881	2	2	0	2	0	59
chr19	1089551	1089882	0	0	1	134	2	74
chr19	1089572	1089881	2	2	0	1	0	27
chr19	1089961	1090084	2	2	0	89	3	60
chr19	1090144	1095256	2	2	0	1	0	26
chr19	1090145	1090906	0	0	1	103	2	60
chr19	1090988	1091790	0	0	1	162	4	75
chr19	1091904	1093901	2	2	0	1	0	15
chr19	1091907	1093902	0	0	1	189	3	74
chr19	1091907	1095257	0	0	1	4	0	70
chr19	1094078	1095257	0	0	1	100	2	74
chr19	1104126	1105183	1	1	0	242	11	75
chr19	1104928	1105183	1	1	0	24	0	67
chr19	1105273	1105363	1	1	0	2	0	46
chr19	1105279	1105363	1	1	0	2	0	31
chr19	1105280	1105364	0	0	1	633	19	75
chr19	1105509	1105655	1	1	0	3	0	61
chr19	1105509	1105723	1	1	0	1	0	17
chr19	1105510	1105656	0	0	1	682	15	74
chr19	1105808	1106239	1	1	0	815	20	25
chr19	1105808	1106397	1	1	0	18	0	61
chr19	1105809	1106179	0	0	1	14	0	70
chr19	1106265	1106375	1	1	0	4	0	25
chr19	1106265	1106397	1	1	0	975	22	61
chr19	1106266	1106398	0	0	1	2	0	23
chr19	1106458	1106521	1	1	0	1	0	28
chr19	1106458	1106537	1	1	0	5	0	62
chr19	1106458	1106570	1	1	0	10	0	60
chr19	1106459	1106538	0	0	1	1009	19	70
chr19	1108704	1108777	0	0	1	13	0	70
chr19	1108968	1109132	2	2	0	3	7	68
chr19	1108969	1109133	0	0	1	8	7	72
chr19	1109210	1109289	2	2	0	0	7	57
chr19	1109211	1109290	0	0	1	15	7	67
chr19	1109423	1109504	0	0	1	28	0	73
chr19	1109598	1109681	0	0	1	21	1	75
chr19	1109777	1110743	0	0	1	25	0	70
chr19	1110888	1111017	0	0	1	34	1	70
chr19	1111093	1111504	0	0	1	30	2	67
chr19	1111614	1111994	0	0	1	31	1	72
chr19	1112066	1112186	2	2	0	2	4	30
chr19	1112067	1112187	0	0	1	22	4	67
chr19	1112300	1112399	2	2	0	1	4	28
chr19	1112301	1112400	0	0	1	25	4	75
chr19	1112537	1112816	0	0	1	25	0	75
chr19	1112949	1113533	0	0	1	16	0	72
chr19	1113704	1114229	0	0	1	13	0	72
chr19	1114421	1114674	2	2	0	1	0	47
chr19	1114421	1116018	2	2	0	36	1	74
chr19	1116102	1116826	2	2	0	13	0	60
chr19	1116926	1117321	0	0	1	11	1	74
chr19	1117499	1119009	0	0	1	16	0	74
chr19	1119163	1119513	2	2	0	0	3	32
chr19	1119164	1119514	0	0	1	22	3	72
chr19	1119620	1119903	2	2	0	2	3	66
chr19	1119621	1119904	0	0	1	21	3	71
chr19	1120022	1122136	2	2	0	32	2	74
chr19	1122282	1122466	0	0	1	30	1	73
chr19	1122557	1122655	2	2	0	1	0	55
chr19	1122558	1122656	0	0	1	30	1	75
chr19	1122791	1122892	0	0	1	21	0	70
chr19	1123044	1123531	2	2	0	29	2	73
chr19	1123639	1123940	0	0	1	23	2	73
chr19	1124022	1127602	0	0	1	25	1	71
chr19	1127765	1147307	0	0	1	16	0	70
chr19	1147420	1149367	0	0	1	19	0	72
chr19	1149442	1154182	0	0	1	20	0	75
chr19	1154402	1168692	0	0	1	11	0	70
chr19	1154402	1174170	0	0	1	13	0	74
chr19	1165712	1166157	2	2	0	0	1	28
chr19	1165768	1166157	2	2	0	0	1	28
chr19	1173883	1174557	1	1	0	1	0	35
chr19	1190022	1225499	2	2	0	1	0	37
chr19	1207202	1216265	1	1	0	7	0	75
chr19	1207203	1218415	0	0	1	86	7	75
chr19	1216398	1218415	0	0	1	1	2	60
chr19	1218500	1219322	0	0	1	0	1	34
chr19	1219412	1220370	1	1	0	1	2	46
chr19	1219413	1220371	0	0	1	62	4	74
chr19	1220504	1220578	1	1	0	0	3	15
chr19	1220505	1220579	0	0	1	52	5	73
chr19	1220716	1221210	1	1	0	95	2	73
chr19	1221339	1221693	1	1	0	1	0	73
chr19	1221340	1221947	0	0	1	92	2	60
chr19	1221845	1221946	1	1	0	2	0	22
chr19	1222005	1222982	1	1	0	60	3	59
chr19	1223171	1227590	1	1	0	0	1	18
chr19	1223172	1223636	0	0	1	8	0	69
chr19	1223172	1226452	0	0	1	48	2	70
chr19	1223172	1226457	0	0	1	7	2	67
chr19	1226662	1227590	1	1	0	37	3	70
chr19	1230142	1231099	0	0	1	2	0	50
chr19	1231275	1233424	0	0	1	7	0	74
chr19	1233636	1234189	0	0	1	2	0	65
chr19	1234290	1234569	0	0	1	2	0	46
chr19	1234331	1234569	0	0	1	2	0	50
chr19	1234742	1234999	0	0	1	7	0	71
chr19	1235145	1235499	0	0	1	3	0	65
chr19	1235389	1235498	2	2	0	1	0	23
chr19	1235564	1235748	2	2	0	1	0	40
chr19	1235565	1235777	0	0	1	4	0	62
chr19	1235918	1235994	0	0	1	1	0	68
chr19	1236121	1237754	0	0	1	2	0	72
chr19	1241991	1242454	0	0	1	139	2	75
chr19	1242357	1242453	1	1	0	1	0	75
chr19	1242608	1244094	1	1	0	173	0	75
chr19	1244184	1244316	1	1	0	1	0	41
chr19	1244185	1244313	0	0	1	240	4	75
chr19	1244439	1244734	1	1	0	102	4	75
chr19	1246440	1246474	1	1	0	1	0	64
chr19	1248659	1249887	1	1	0	17	1	68
chr19	1249800	1249887	1	1	0	1	0	23
chr19	1250528	1251559	1	1	0	31	4	74
chr19	1251648	1251836	1	1	0	37	3	64
chr19	1251900	1253951	1	1	0	15	1	64
chr19	1251901	1254165	0	0	1	47	4	65
chr19	1254082	1254165	0	0	1	10	0	74
chr19	1254477	1254899	1	1	0	89	2	75
chr19	1254477	1254902	1	1	0	9	1	70
chr19	1255060	1255487	1	1	0	2	0	57
chr19	1255061	1255420	0	0	1	98	0	75
chr19	1255693	1256992	1	1	0	2	0	56
chr19	1255694	1256993	0	0	1	48	0	71
chr19	1257539	1271961	2	2	0	0	1	12
chr19	1259638	1270926	0	0	1	0	1	5
chr19	1261640	1262037	1	1	0	1	0	29
chr19	1261640	1264250	1	1	0	1	0	15
chr19	1261640	1270925	1	1	0	1	0	16
chr19	1262142	1264250	1	1	0	2	0	44
chr19	1262142	1270925	1	1	0	2	0	23
chr19	1267165	1270926	0	0	1	0	1	3
chr19	1267292	1270926	0	0	1	1	0	18
chr19	1267366	1270926	0	0	1	0	1	5
chr19	1268390	1269823	0	0	1	1	0	55
chr19	1269364	1270925	1	1	0	1	0	12
chr19	1269407	1270878	0	0	1	4	0	3
chr19	1269409	1270925	1	1	0	1	0	23
chr19	1269410	1270865	0	0	1	18	0	68
chr19	1269410	1270926	0	0	1	176	9	69
chr19	1269915	1270926	0	0	1	0	4	4
chr19	1270882	1270926	0	0	1	4	4	4
chr19	1271015	1271326	1	1	0	1	0	65
chr19	1271035	1271137	1	1	0	290	11	75
chr19	1271035	1271326	1	1	0	1	0	49
chr19	1271245	1271326	1	1	0	256	7	75
chr19	1271466	1271548	1	1	0	1	0	48
chr19	1271466	1271978	1	1	0	1	0	18
chr19	1271467	1271549	0	0	1	14	0	68
chr19	1271631	1271978	1	1	0	121	7	74
chr19	1272050	1272424	1	1	0	151	4	75
chr19	1272050	1273491	1	1	0	2	0	25
chr19	1272050	1274304	1	1	0	1	0	55
chr19	1272051	1274305	0	0	1	22	3	70
chr19	1273715	1274305	0	0	1	8	0	59
chr19	1274439	1277180	1	1	0	7	0	55
chr19	1274440	1274647	0	0	1	31	0	71
chr19	1275829	1277180	1	1	0	1	0	54
chr19	1275830	1277181	0	0	1	39	4	68
chr19	1276103	1277181	0	0	1	8	1	65
chr19	1277298	1278774	1	1	0	69	2	75
chr19	1285584	1295542	1	1	0	1	0	68
chr19	1286308	1295543	0	0	1	4	0	63
chr19	1295857	1298548	1	1	0	3	2	53
chr19	1298615	1299821	1	1	0	10	0	65
chr19	1331419	1338954	2	2	0	0	1	26
chr19	1331419	1378788	2	2	0	0	1	26
chr19	1355134	1356321	1	1	0	1	0	19
chr19	1355135	1356322	0	0	1	3	2	70
chr19	1356448	1357006	1	1	0	1	1	58
chr19	1356449	1357007	0	0	1	24	2	73
chr19	1357093	1358391	1	1	0	19	0	71
chr19	1358463	1358585	1	1	0	1	0	70
chr19	1358463	1360133	1	1	0	30	1	69
chr19	1358464	1358586	0	0	1	15	0	71
chr19	1358692	1360133	1	1	0	6	0	75
chr19	1358699	1360133	1	1	0	1	0	30
chr19	1360311	1377861	1	1	0	1	0	12
chr19	1361031	1362247	1	1	0	23	1	74
chr19	1362350	1364506	1	1	0	56	2	73
chr19	1362350	1369262	1	1	0	2	0	48
chr19	1364579	1366303	0	0	1	49	2	73
chr19	1366380	1367157	1	1	0	22	0	61
chr19	1367219	1369262	1	1	0	30	1	62
chr19	1368862	1368904	2	2	0	0	1	66
chr19	1368905	1368947	2	2	0	0	1	42
chr19	1368905	1368990	2	2	0	0	1	42
chr19	1369068	1369262	1	1	0	1	0	56
chr19	1369339	1369593	1	1	0	1	0	37
chr19	1369340	1369594	0	0	1	33	0	51
chr19	1369646	1370640	0	0	1	40	1	53
chr19	1371077	1371231	1	1	0	2	0	19
chr19	1371077	1373069	1	1	0	0	8	44
chr19	1371078	1373070	0	0	1	22	9	72
chr19	1373159	1373483	1	1	0	1	0	16
chr19	1373159	1376516	1	1	0	0	8	55
chr19	1373160	1376517	0	0	1	33	11	72
chr19	1374049	1376517	0	0	1	1	0	31
chr19	1376169	1414058	1	3	0	1	0	27
chr19	1383941	1387808	1	1	0	24	0	37
chr19	1387846	1388522	1	1	0	48	3	40
chr19	1388592	1388830	1	1	0	88	4	70
chr19	1388937	1390868	1	1	0	129	1	75
chr19	1391049	1391116	1	1	0	1	0	15
chr19	1391050	1391117	0	0	1	128	1	51
chr19	1391164	1393239	1	1	0	126	2	60
chr19	1393330	1395389	0	0	1	88	5	75
chr19	1393606	1393886	0	0	1	6	0	49
chr19	1394205	1394801	2	2	0	1	0	43
chr19	1394286	1394801	2	2	0	1	0	62
chr19	1394357	1394802	0	0	1	5	0	66
chr19	1397227	1397293	2	2	0	1	0	21
chr19	1397498	1398913	2	2	0	3	0	45
chr19	1397499	1398914	0	0	1	56	3	75
chr19	1399026	1399126	0	0	1	89	10	68
chr19	1399194	1399521	2	2	0	8	39	65
chr19	1399194	1399790	2	2	0	1	0	30
chr19	1399195	1399522	0	0	1	45	40	67
chr19	1399586	1399790	2	2	0	7	37	63
chr19	1399587	1399791	0	0	1	26	39	66
chr19	1399937	1401293	2	2	0	2	0	21
chr19	1399938	1401294	0	0	1	50	3	75
chr19	1407801	1416454	1	1	0	0	1	24
chr19	1407801	1417497	1	1	0	1	0	41
chr19	1407801	1428839	1	1	0	0	1	25
chr19	1407802	1416455	0	0	1	1	1	39
chr19	1407802	1417498	0	0	1	181	6	40
chr19	1408872	1438808	1	1	0	1	0	15
chr19	1410078	1416454	1	1	0	1	1	53
chr19	1410079	1417498	0	0	1	2	0	40
chr19	1415939	1416454	1	1	0	1	0	36
chr19	1416554	1417497	1	1	0	0	1	28
chr19	1416555	1417498	0	0	1	2	1	31
chr19	1416702	1417497	1	1	0	5	0	38
chr19	1417539	1418201	1	1	0	169	5	72
chr19	1418369	1418663	1	1	0	264	10	66
chr19	1418730	1421145	1	1	0	222	6	66
chr19	1418730	1421148	1	1	0	50	1	66
chr19	1421257	1422345	1	1	0	12	190	50
chr19	1421258	1422346	0	0	1	141	205	74
chr19	1422395	1423417	1	1	0	3	0	48
chr19	1422395	1425875	1	1	0	38	190	48
chr19	1422395	1428839	1	1	0	0	13	48
chr19	1422396	1425876	0	0	1	128	192	51
chr19	1422396	1428840	0	0	1	2	13	50
chr19	1423454	1425875	1	1	0	2	0	38
chr19	1425960	1428840	0	0	1	244	34	74
chr19	1427558	1428839	1	1	0	1	0	58
chr19	1428994	1429964	1	1	0	20	203	31
chr19	1428994	1430219	1	1	0	2	0	72
chr19	1428995	1429965	0	0	1	71	214	31
chr19	1429995	1430219	1	1	0	12	208	29
chr19	1429996	1430220	0	0	1	50	209	73
chr19	1430362	1432512	0	0	1	220	14	75
chr19	1432680	1434734	1	1	0	1	1	44
chr19	1432680	1434737	1	1	0	2	0	15
chr19	1432689	1433736	1	1	0	0	2	17
chr19	1432689	1434734	1	1	0	148	3	75
chr19	1432690	1433737	0	0	1	0	2	18
chr19	1432690	1434738	0	0	1	29	2	67
chr19	1433826	1434734	1	1	0	1	0	51
chr19	1433826	1434737	1	1	0	0	2	51
chr19	1433827	1434738	0	0	1	2	2	50
chr19	1438427	1438804	1	1	0	4	0	13
chr19	1438427	1438808	1	1	0	15	0	25
chr19	1438428	1438805	0	0	1	707	70	61
chr19	1438431	1438811	1	1	0	0	1	30
chr19	1438580	1438805	0	0	1	10	50	34
chr19	1438891	1439281	1	1	0	2	0	74
chr19	1438891	1440016	1	1	0	1918	97	75
chr19	1438891	1440023	1	1	0	14	1	49
chr19	1438892	1439604	0	0	1	6	1	68
chr19	1439125	1440016	1	1	0	1	0	35
chr19	1440240	1440346	1	1	0	5	0	57
chr19	1440241	1440347	0	0	1	3	0	5
chr19	1440252	1440346	1	1	0	3551	87	75
chr19	1440253	1440347	0	0	1	1	0	18
chr19	1440254	1440346	1	1	0	2	0	26
chr19	1453611	1455147	0	0	1	1	0	30
chr19	1456404	1456851	0	0	1	1	0	49
chr19	1457242	1457962	1	1	0	1	0	74
chr19	1458060	1460179	0	0	1	1	0	50
chr19	1461823	1470381	2	2	0	2	0	74
chr19	1461824	1478772	0	0	1	5	0	58
chr19	1470973	1471073	2	4	0	0	1	45
chr19	1473342	1478771	2	2	0	1	0	28
chr19	1475258	1478772	0	0	1	6	1	73
chr19	1478580	1478772	0	0	1	1	0	22
chr19	1478905	1479161	0	0	1	2	0	3
chr19	1482207	1482351	0	0	1	1	0	73
chr19	1483020	1483282	0	0	1	2	0	40
chr19	1483462	1483647	2	2	0	2	0	75
chr19	1483940	1484024	2	2	0	3	0	68
chr19	1484126	1486850	2	2	0	1	0	38
chr19	1487313	1487601	0	0	1	1	0	42
chr19	1487313	1487783	0	0	1	6	0	47
chr19	1487691	1487783	0	0	1	1	0	50
chr19	1487860	1487961	2	2	0	2	0	33
chr19	1488092	1488186	0	0	1	1	0	10
chr19	1488280	1489791	0	0	1	2	0	64
chr19	1489897	1490156	0	0	1	2	0	75
chr19	1491384	1495292	0	0	1	27	0	67
chr19	1495386	1495466	1	1	0	32	0	75
chr19	1495606	1496282	1	1	0	28	1	75
chr19	1496452	1497171	1	1	0	36	2	70
chr19	1506316	1506588	0	0	1	3	0	50
chr19	1506661	1506737	0	0	1	2	0	29
chr19	1506928	1507240	0	0	1	5	0	71
chr19	1507352	1507554	2	2	0	1	0	52
chr19	1507405	1507555	0	0	1	3	0	69
chr19	1507643	1507996	0	0	1	4	0	61
chr19	1508108	1508440	2	2	0	5	0	57
chr19	1508570	1510148	0	0	1	3	0	64
chr19	1508908	1510148	0	0	1	1	0	4
chr19	1510257	1510365	2	2	0	3	0	46
chr19	1510428	1510637	0	0	1	3	0	63
chr19	1510733	1510843	0	0	1	1	0	37
chr19	1510916	1512960	2	2	0	1	0	42
chr19	1510917	1511623	0	0	1	0	1	8
chr19	1511726	1512960	2	2	0	0	1	41
chr19	1511727	1512961	0	0	1	0	1	40
chr19	1528134	1528300	0	0	1	1	0	18
chr19	1555201	1555296	2	2	0	1	0	23
chr19	1556923	1567462	0	0	1	42	1	74
chr19	1578155	1578332	2	2	0	1	0	25
chr19	1578158	1578333	0	0	1	79	2	75
chr19	1578533	1581089	2	2	0	1	0	33
chr19	1578538	1581090	0	0	1	72	0	74
chr19	1581268	1582619	2	2	0	1	0	70
chr19	1581268	1584537	2	2	0	1	0	58
chr19	1581269	1582620	0	0	1	48	0	75
chr19	1582712	1584538	0	0	1	64	0	74
chr19	1584677	1585053	0	0	1	85	1	74
chr19	1585214	1585903	0	0	1	1	0	10
chr19	1585214	1592520	0	0	1	7	0	60
chr19	1585214	1592616	0	0	1	17	0	65
chr19	1598215	1599410	0	0	1	242	5	75
chr19	1598326	1599410	0	0	1	0	2	4
chr19	1598536	1599409	2	2	0	2	0	29
chr19	1599559	1599985	2	2	0	2	0	41
chr19	1599559	1605357	2	2	0	1	2	61
chr19	1599560	1602292	0	0	1	6	0	49
chr19	1599560	1605358	0	0	1	287	3	74
chr19	1602426	1605358	0	0	1	2	0	23
chr19	1609599	1611702	0	0	1	13	0	72
chr19	1610500	1611702	0	0	1	8	0	63
chr19	1611368	1611563	2	2	0	1	0	53
chr19	1611369	1611702	0	0	1	41	4	74
chr19	1611848	1615683	2	2	0	1	0	21
chr19	1611849	1612205	0	0	1	39	3	75
chr19	1611849	1615283	0	0	1	59	3	74
chr19	1611869	1612204	2	2	0	1	0	34
chr19	1612429	1615421	2	2	0	1	0	49
chr19	1612430	1615684	0	0	1	14	1	72
chr19	1612433	1615283	0	0	1	5	0	64
chr19	1612433	1615684	0	0	1	45	1	74
chr19	1615479	1615683	2	2	0	3	0	60
chr19	1615485	1615684	0	0	1	2	0	69
chr19	1615520	1615684	0	0	1	95	1	75
chr19	1615820	1619108	2	2	0	1	2	74
chr19	1615821	1619109	0	0	1	110	5	75
chr19	1619233	1619313	2	2	0	2	3	29
chr19	1619234	1619314	0	0	1	51	3	74
chr19	1619234	1619778	0	0	1	1	0	40
chr19	1619470	1619777	2	2	0	8	1	74
chr19	1619474	1619778	0	0	1	90	3	75
chr19	1619852	1620965	2	2	0	1	0	50
chr19	1619853	1620966	0	0	1	90	3	72
chr19	1621046	1621131	0	0	1	94	1	64
chr19	1621190	1621835	2	2	0	4	0	57
chr19	1621191	1621836	0	0	1	75	2	60
chr19	1621970	1622052	0	0	1	36	0	75
chr19	1622223	1622311	0	0	1	55	2	75
chr19	1622415	1623949	0	0	1	70	4	51
chr19	1623999	1646352	2	2	0	1	0	34
chr19	1624000	1625574	0	0	1	64	7	55
chr19	1625707	1627356	2	2	0	3	20	69
chr19	1625708	1627357	0	0	1	49	20	74
chr19	1627425	1632035	2	2	0	8	16	67
chr19	1627425	1646352	2	2	0	2	4	61
chr19	1627426	1631949	0	0	1	8	0	65
chr19	1627426	1632036	0	0	1	8	16	69
chr19	1627426	1646353	0	0	1	3	4	61
chr19	1632116	1632330	0	0	1	58	4	73
chr19	1632404	1646352	2	2	0	6	0	67
chr19	1632405	1646353	0	0	1	47	4	70
chr19	1646427	1650175	0	0	1	56	1	74
chr19	1650286	1652297	2	2	0	3	0	62
chr19	1650287	1652298	0	0	1	7	0	73
chr19	1650289	1652297	2	2	0	0	1	72
chr19	1739048	1740183	2	2	0	1	0	62
chr19	1748341	1748511	0	0	1	1	0	44
chr19	1785297	1785467	0	0	1	4	0	61
chr19	1785708	1787101	0	0	1	1	0	33
chr19	1787186	1788895	0	0	1	3	0	14
chr19	1789119	1789358	2	2	0	1	0	64
chr19	1800154	1800256	2	2	0	8	0	69
chr19	1800449	1801954	0	0	1	2	0	53
chr19	1802044	1802485	0	0	1	11	0	58
chr19	1802645	1805372	0	0	1	5	0	72
chr19	1805456	1805886	0	0	1	2	0	69
chr19	1805957	1806094	2	2	0	2	0	38
chr19	1806689	1807166	0	0	1	3	0	68
chr19	1807266	1808220	0	0	1	7	0	74
chr19	1808335	1809641	0	0	1	2	0	18
chr19	1809734	1810620	0	0	1	3	0	41
chr19	1811884	1812066	0	0	1	1	0	52
chr19	1811884	1812184	0	0	1	5	0	57
chr19	1816154	1816223	0	0	1	25	1	70
chr19	1816345	1816429	0	0	1	18	0	73
chr19	1816569	1816696	0	0	1	20	0	74
chr19	1816813	1817217	0	0	1	17	1	65
chr19	1817329	1817705	0	0	1	15	1	70
chr19	1817458	1817705	0	0	1	2	0	35
chr19	1817780	1818480	0	0	1	14	1	66
chr19	1818594	1818703	2	2	0	9	1	71
chr19	1818843	1819016	0	0	1	22	1	70
chr19	1819130	1819931	2	2	0	32	0	75
chr19	1820057	1820262	0	0	1	13	0	75
chr19	1820180	1820262	0	0	1	1	0	12
chr19	1820395	1821517	0	0	1	24	1	75
chr19	1821682	1823570	0	0	1	24	0	75
chr19	1823784	1824534	2	2	0	2	0	20
chr19	1823784	1826875	2	2	0	1	0	54
chr19	1823785	1825837	0	0	1	22	1	73
chr19	1825943	1826876	0	0	1	27	1	66
chr19	1828631	1848200	0	0	1	4	0	67
chr19	1854759	1855250	2	2	0	1	0	58
chr19	1854759	1862329	2	2	0	1	0	73
chr19	1854760	1863039	0	0	1	15	0	69
chr19	1877424	1877505	2	2	0	24	1	75
chr19	1877687	1879919	0	0	1	28	2	74
chr19	1878904	1879919	0	0	1	1	0	40
chr19	1880114	1881232	2	2	0	1	0	39
chr19	1880114	1885349	2	2	0	2	0	57
chr19	1880115	1880894	0	0	1	0	1	4
chr19	1880115	1881233	0	0	1	56	1	74
chr19	1881804	1885350	0	0	1	8	0	66
chr19	1905438	1917691	1	1	0	2	0	28
chr19	1905439	1914977	0	0	1	15	0	47
chr19	1911017	1914976	1	1	0	1	0	48
chr19	1915025	1917691	1	1	0	28	2	51
chr19	1915543	1917691	1	1	0	1	0	68
chr19	1917821	1918124	1	1	0	36	0	72
chr19	1917821	1918886	1	1	0	1	0	41
chr19	1918282	1918886	1	1	0	56	1	73
chr19	1918989	1923067	1	1	0	21	0	69
chr19	1923187	1924106	0	0	1	38	1	73
chr19	1925911	1925911	0	0	1	13	0	73
chr19	1941417	1968788	1	1	0	1	0	58
chr19	1941417	1969505	1	1	0	9	0	74
chr19	1964530	1985561	2	2	0	1	0	12
chr19	1968904	1969505	1	1	0	1	0	25
chr19	1969958	1975106	1	1	0	2	1	71
chr19	1969958	1978302	1	1	0	3	23	42
chr19	1969958	1978439	1	1	0	1	0	59
chr19	1969959	1978303	0	0	1	42	26	41
chr19	1976113	1978302	1	1	0	1	0	42
chr19	1978344	1978439	1	1	0	13	24	40
chr19	1978345	1978440	0	0	1	17	25	46
chr19	1978510	1978599	1	1	0	31	12	69
chr19	1978749	1978856	1	1	0	67	2	75
chr19	1979092	1979160	1	1	0	64	2	75
chr19	1979092	1979165	1	1	0	1	0	56
chr19	1979248	1979317	0	0	1	68	2	75
chr19	1979402	1979492	1	1	0	60	2	74
chr19	1979642	1979749	1	1	0	82	4	75
chr19	1979834	1979908	1	1	0	1	0	19
chr19	1979835	1979909	0	0	1	71	2	75
chr19	1980016	1980146	1	1	0	71	1	69
chr19	1986641	1986827	2	2	0	1	0	39
chr19	1986648	1986827	2	2	0	2	0	44
chr19	1986649	1986828	0	0	1	110	2	75
chr19	1986975	1987497	2	2	0	1	0	39
chr19	1986976	1987164	0	0	1	99	1	73
chr19	1987252	1987497	2	2	0	3	0	67
chr19	1987253	1987498	0	0	1	67	1	75
chr19	1987303	1987580	1	1	0	3	0	17
chr19	1987692	1990002	0	0	1	51	0	75
chr19	1990201	1990715	0	0	1	54	0	71
chr19	1990821	1991874	2	2	0	3	1	50
chr19	1990821	1993017	2	2	0	2	0	70
chr19	1990822	1993018	0	0	1	55	1	75
chr19	1992055	1993017	2	2	0	3	0	68
chr19	1993175	1997341	2	2	0	47	0	75
chr19	1997462	2013544	2	2	0	3	0	51
chr19	1997462	2017180	2	2	0	2	0	18
chr19	1997463	2015295	0	0	1	37	0	74
chr19	2129162	2129315	2	4	0	1	0	52
